Time (seconds), Duration (seconds),pred_unlabelled,pred_Normal,pred_Noise
0.00125,1.99750,0.07830,0.83984,0.08185
0.10125,1.99750,0.02956,0.93275,0.03769
0.20125,1.99750,0.02735,0.93718,0.03546
0.30125,1.99750,0.04232,0.90192,0.05576
0.40125,1.99750,0.09698,0.79663,0.10639
0.50125,1.99750,0.23392,0.50526,0.26081
0.60125,1.99750,0.31589,0.15664,0.52746
0.70125,1.99750,0.27352,0.03629,0.69019
0.80125,1.99750,0.22470,0.01035,0.76496
0.90125,1.99750,0.18771,0.00382,0.80847
1.00125,1.99750,0.16217,0.00176,0.83607
1.10125,1.99750,0.14560,0.00099,0.85341
1.20125,1.99750,0.13430,0.00065,0.86504
1.30125,1.99750,0.12628,0.00048,0.87324
1.40125,1.99750,0.12062,0.00039,0.87900
1.50125,1.99750,0.11679,0.00033,0.88288
1.60125,1.99750,0.11392,0.00030,0.88578
1.70125,1.99750,0.10923,0.00026,0.89051
1.80125,1.99750,0.10312,0.00020,0.89668
1.90125,1.99750,0.09574,0.00014,0.90412
2.00125,1.99750,0.08802,0.00009,0.91189
2.10125,1.99750,0.08026,0.00006,0.91968
2.20125,1.99750,0.07268,0.00004,0.92729
2.30125,1.99750,0.06533,0.00002,0.93465
2.40125,1.99750,0.05814,0.00001,0.94185
2.50125,1.99750,0.05134,0.00001,0.94865
2.60125,1.99750,0.04584,0.00000,0.95416
2.70125,1.99750,0.04170,0.00000,0.95829
2.80125,1.99750,0.03840,0.00000,0.96160
2.90125,1.99750,0.03551,0.00000,0.96449
3.00125,1.99750,0.03276,0.00000,0.96724
3.10125,1.99750,0.02988,0.00000,0.97012
3.20125,1.99750,0.02686,0.00000,0.97314
3.30125,1.99750,0.02401,0.00000,0.97599
3.40125,1.99750,0.02134,0.00000,0.97866
3.50125,1.99750,0.01888,0.00000,0.98112
3.60125,1.99750,0.01669,0.00000,0.98331
3.70125,1.99750,0.01513,0.00000,0.98487
3.80125,1.99750,0.01409,0.00000,0.98591
3.90125,1.99750,0.01334,0.00000,0.98666
4.00125,1.99750,0.01271,0.00000,0.98729
4.10125,1.99750,0.01222,0.00000,0.98778
4.20125,1.99750,0.01183,0.00000,0.98817
4.30125,1.99750,0.01153,0.00000,0.98847
4.40125,1.99750,0.01133,0.00000,0.98867
4.50125,1.99750,0.01122,0.00000,0.98878
4.60125,1.99750,0.01102,0.00000,0.98898
4.70125,1.99750,0.01061,0.00000,0.98939
4.80125,1.99750,0.01007,0.00000,0.98993
4.90125,1.99750,0.00948,0.00000,0.99052
5.00125,1.99750,0.00894,0.00000,0.99106
5.10125,1.99750,0.00851,0.00000,0.99149
5.20125,1.99750,0.00817,0.00000,0.99183
5.30125,1.99750,0.00788,0.00000,0.99212
5.40125,1.99750,0.00766,0.00000,0.99234
5.50125,1.99750,0.00752,0.00000,0.99248
5.60125,1.99750,0.00743,0.00000,0.99257
5.70125,1.99750,0.00740,0.00000,0.99260
5.80125,1.99750,0.00740,0.00000,0.99260
5.90125,1.99750,0.00743,0.00000,0.99257
6.00125,1.99750,0.00749,0.00000,0.99251
6.10125,1.99750,0.00757,0.00000,0.99243
6.20125,1.99750,0.00768,0.00000,0.99232
6.30125,1.99750,0.00781,0.00000,0.99219
6.40125,1.99750,0.00797,0.00000,0.99203
6.50125,1.99750,0.00815,0.00000,0.99185
6.60125,1.99750,0.00834,0.00000,0.99166
6.70125,1.99750,0.00855,0.00000,0.99145
6.80125,1.99750,0.00877,0.00000,0.99123
6.90125,1.99750,0.00900,0.00000,0.99100
7.00125,1.99750,0.00924,0.00000,0.99076
7.10125,1.99750,0.00947,0.00000,0.99053
7.20125,1.99750,0.00975,0.00000,0.99025
7.30125,1.99750,0.01008,0.00000,0.98992
7.40125,1.99750,0.01050,0.00000,0.98950
7.50125,1.99750,0.01098,0.00000,0.98902
7.60125,1.99750,0.01153,0.00000,0.98847
7.70125,1.99750,0.01213,0.00000,0.98787
7.80125,1.99750,0.01280,0.00000,0.98720
7.90125,1.99750,0.01357,0.00000,0.98643
8.00125,1.99750,0.01441,0.00000,0.98559
8.10125,1.99750,0.01531,0.00000,0.98469
8.20125,1.99750,0.01622,0.00000,0.98378
8.30125,1.99750,0.01736,0.00000,0.98264
8.40125,1.99750,0.01878,0.00000,0.98122
8.50125,1.99750,0.02047,0.00000,0.97953
8.60125,1.99750,0.02244,0.00000,0.97756
8.70125,1.99750,0.02467,0.00000,0.97533
8.80125,1.99750,0.02716,0.00000,0.97284
8.90125,1.99750,0.02997,0.00000,0.97002
9.00125,1.99750,0.03322,0.00000,0.96678
9.10125,1.99750,0.03686,0.00000,0.96314
9.20125,1.99750,0.04079,0.00000,0.95921
9.30125,1.99750,0.04491,0.00000,0.95509
9.40125,1.99750,0.04907,0.00001,0.95093
9.50125,1.99750,0.05314,0.00001,0.94685
9.60125,1.99750,0.05676,0.00002,0.94322
9.70125,1.99750,0.05983,0.00003,0.94014
9.80125,1.99750,0.06235,0.00003,0.93761
9.90125,1.99750,0.06444,0.00004,0.93552
10.00125,1.99750,0.06626,0.00005,0.93369
10.10125,1.99750,0.06805,0.00006,0.93189
10.20125,1.99750,0.06988,0.00007,0.93005
10.30125,1.99750,0.07034,0.00008,0.92958
10.40125,1.99750,0.06878,0.00007,0.93115
10.50125,1.99750,0.06547,0.00005,0.93448
10.60125,1.99750,0.06058,0.00004,0.93939
10.70125,1.99750,0.05511,0.00002,0.94486
10.80125,1.99750,0.04947,0.00001,0.95052
10.90125,1.99750,0.04384,0.00001,0.95615
11.00125,1.99750,0.03857,0.00000,0.96143
11.10125,1.99750,0.03397,0.00000,0.96603
11.20125,1.99750,0.03003,0.00000,0.96997
11.30125,1.99750,0.02658,0.00000,0.97342
11.40125,1.99750,0.02358,0.00000,0.97642
11.50125,1.99750,0.02094,0.00000,0.97906
11.60125,1.99750,0.01869,0.00000,0.98130
11.70125,1.99750,0.01681,0.00000,0.98319
11.80125,1.99750,0.01520,0.00000,0.98480
11.90125,1.99750,0.01377,0.00000,0.98623
12.00125,1.99750,0.01292,0.00000,0.98708
12.10125,1.99750,0.01253,0.00000,0.98747
12.20125,1.99750,0.01257,0.00000,0.98743
12.30125,1.99750,0.01298,0.00000,0.98702
12.40125,1.99750,0.01393,0.00000,0.98607
12.50125,1.99750,0.01552,0.00000,0.98448
12.60125,1.99750,0.01792,0.00000,0.98208
12.70125,1.99750,0.02118,0.00000,0.97882
12.80125,1.99750,0.02537,0.00000,0.97463
12.90125,1.99750,0.02961,0.00000,0.97039
13.00125,1.99750,0.03492,0.00000,0.96508
13.10125,1.99750,0.04147,0.00000,0.95852
13.20125,1.99750,0.04754,0.00001,0.95245
13.30125,1.99750,0.05257,0.00001,0.94742
13.40125,1.99750,0.05890,0.00002,0.94108
13.50125,1.99750,0.06706,0.00004,0.93290
13.60125,1.99750,0.07756,0.00008,0.92235
13.70125,1.99750,0.09314,0.00022,0.90664
13.80125,1.99750,0.11384,0.00065,0.88551
13.90125,1.99750,0.13905,0.00203,0.85892
14.00125,1.99750,0.16250,0.00531,0.83219
14.10125,1.99750,0.18274,0.01203,0.80524
14.20125,1.99750,0.19930,0.02390,0.77680
14.30125,1.99750,0.21242,0.04129,0.74629
14.40125,1.99750,0.22147,0.06019,0.71834
14.50125,1.99750,0.22401,0.06969,0.70630
14.60125,1.99750,0.22189,0.06401,0.71410
14.70125,1.99750,0.21580,0.04991,0.73430
14.80125,1.99750,0.20674,0.03571,0.75755
14.90125,1.99750,0.19951,0.02743,0.77306
15.00125,1.99750,0.18889,0.01879,0.79232
15.10125,1.99750,0.17899,0.01345,0.80756
15.20125,1.99750,0.17991,0.01392,0.80617
15.30125,1.99750,0.19053,0.01984,0.78963
15.40125,1.99750,0.20427,0.02902,0.76671
15.50125,1.99750,0.21696,0.04193,0.74111
15.60125,1.99750,0.22429,0.05628,0.71943
15.70125,1.99750,0.22375,0.06559,0.71065
15.80125,1.99750,0.22191,0.07042,0.70767
15.90125,1.99750,0.22153,0.07386,0.70461
16.00125,1.99750,0.22135,0.07645,0.70220
16.10125,1.99750,0.22182,0.07848,0.69971
16.20125,1.99750,0.22352,0.08016,0.69632
16.30125,1.99750,0.22688,0.08373,0.68939
16.40125,1.99750,0.23181,0.09361,0.67458
16.50125,1.99750,0.23661,0.11890,0.64449
16.60125,1.99750,0.23893,0.16955,0.59152
16.70125,1.99750,0.23261,0.25708,0.51031
16.80125,1.99750,0.21040,0.39037,0.39923
16.90125,1.99750,0.16931,0.55688,0.27381
17.00125,1.99750,0.11809,0.72108,0.16083
17.10125,1.99750,0.08088,0.82404,0.09509
17.20125,1.99750,0.05995,0.87664,0.06341
17.30125,1.99750,0.04898,0.90228,0.04873
17.40125,1.99750,0.04407,0.91303,0.04290
17.50125,1.99750,0.04249,0.91669,0.04083
17.60125,1.99750,0.04268,0.91722,0.04011
17.70125,1.99750,0.04402,0.91572,0.04026
17.80125,1.99750,0.04596,0.91307,0.04097
17.90125,1.99750,0.04819,0.90980,0.04200
18.00125,1.99750,0.05064,0.90629,0.04307
18.10125,1.99750,0.05307,0.90279,0.04413
18.20125,1.99750,0.05534,0.89939,0.04527
18.30125,1.99750,0.05733,0.89623,0.04645
18.40125,1.99750,0.05878,0.89379,0.04743
18.50125,1.99750,0.05991,0.89183,0.04826
18.60125,1.99750,0.06088,0.89027,0.04884
18.70125,1.99750,0.06191,0.88850,0.04959
18.80125,1.99750,0.06280,0.88686,0.05034
18.90125,1.99750,0.06373,0.88520,0.05107
19.00125,1.99750,0.06480,0.88355,0.05165
19.10125,1.99750,0.06581,0.88205,0.05215
19.20125,1.99750,0.06645,0.88105,0.05250
19.30125,1.99750,0.06498,0.88299,0.05203
19.40125,1.99750,0.06280,0.88608,0.05112
19.50125,1.99750,0.06283,0.88516,0.05201
19.60125,1.99750,0.06759,0.87549,0.05692
19.70125,1.99750,0.08183,0.84471,0.07346
19.80125,1.99750,0.11194,0.77629,0.11176
19.90125,1.99750,0.16230,0.65124,0.18646
20.00125,1.99750,0.22644,0.46703,0.30654
20.10125,1.99750,0.27695,0.27014,0.45291
20.20125,1.99750,0.29009,0.12551,0.58440
20.30125,1.99750,0.27093,0.04930,0.67977
20.40125,1.99750,0.23602,0.01733,0.74665
20.50125,1.99750,0.19775,0.00568,0.79657
20.60125,1.99750,0.16196,0.00177,0.83627
20.70125,1.99750,0.13055,0.00053,0.86892
20.80125,1.99750,0.10384,0.00016,0.89600
20.90125,1.99750,0.08177,0.00005,0.91819
21.00125,1.99750,0.06386,0.00001,0.93613
21.10125,1.99750,0.04954,0.00000,0.95045
21.20125,1.99750,0.03835,0.00000,0.96165
21.30125,1.99750,0.03015,0.00000,0.96985
21.40125,1.99750,0.02361,0.00000,0.97639
21.50125,1.99750,0.01849,0.00000,0.98151
21.60125,1.99750,0.01453,0.00000,0.98547
21.70125,1.99750,0.01190,0.00000,0.98810
21.80125,1.99750,0.01012,0.00000,0.98988
21.90125,1.99750,0.00892,0.00000,0.99108
22.00125,1.99750,0.00811,0.00000,0.99189
22.10125,1.99750,0.00759,0.00000,0.99241
22.20125,1.99750,0.00727,0.00000,0.99273
22.30125,1.99750,0.00712,0.00000,0.99288
22.40125,1.99750,0.00713,0.00000,0.99287
22.50125,1.99750,0.00726,0.00000,0.99274
22.60125,1.99750,0.00746,0.00000,0.99254
22.70125,1.99750,0.00770,0.00000,0.99230
22.80125,1.99750,0.00801,0.00000,0.99199
22.90125,1.99750,0.00837,0.00000,0.99163
23.00125,1.99750,0.00877,0.00000,0.99123
23.10125,1.99750,0.00916,0.00000,0.99084
23.20125,1.99750,0.00949,0.00000,0.99051
23.30125,1.99750,0.00977,0.00000,0.99023
23.40125,1.99750,0.00999,0.00000,0.99001
23.50125,1.99750,0.01016,0.00000,0.98984
23.60125,1.99750,0.01027,0.00000,0.98973
23.70125,1.99750,0.01034,0.00000,0.98966
23.80125,1.99750,0.01037,0.00000,0.98963
23.90125,1.99750,0.01036,0.00000,0.98964
24.00125,1.99750,0.01028,0.00000,0.98972
24.10125,1.99750,0.01011,0.00000,0.98989
24.20125,1.99750,0.00986,0.00000,0.99014
24.30125,1.99750,0.00950,0.00000,0.99050
24.40125,1.99750,0.00905,0.00000,0.99095
24.50125,1.99750,0.00854,0.00000,0.99146
24.60125,1.99750,0.00804,0.00000,0.99196
24.70125,1.99750,0.00757,0.00000,0.99243
24.80125,1.99750,0.00712,0.00000,0.99288
24.90125,1.99750,0.00668,0.00000,0.99332
25.00125,1.99750,0.00627,0.00000,0.99373
25.10125,1.99750,0.00592,0.00000,0.99408
25.20125,1.99750,0.00563,0.00000,0.99437
25.30125,1.99750,0.00540,0.00000,0.99460
25.40125,1.99750,0.00523,0.00000,0.99477
25.50125,1.99750,0.00511,0.00000,0.99489
25.60125,1.99750,0.00505,0.00000,0.99495
25.70125,1.99750,0.00502,0.00000,0.99498
25.80125,1.99750,0.00502,0.00000,0.99498
25.90125,1.99750,0.00503,0.00000,0.99497
26.00125,1.99750,0.00506,0.00000,0.99494
26.10125,1.99750,0.00510,0.00000,0.99490
26.20125,1.99750,0.00515,0.00000,0.99485
26.30125,1.99750,0.00524,0.00000,0.99476
26.40125,1.99750,0.00538,0.00000,0.99462
26.50125,1.99750,0.00558,0.00000,0.99442
26.60125,1.99750,0.00585,0.00000,0.99415
26.70125,1.99750,0.00619,0.00000,0.99381
26.80125,1.99750,0.00659,0.00000,0.99341
26.90125,1.99750,0.00704,0.00000,0.99296
27.00125,1.99750,0.00752,0.00000,0.99248
27.10125,1.99750,0.00804,0.00000,0.99196
27.20125,1.99750,0.00858,0.00000,0.99142
27.30125,1.99750,0.00913,0.00000,0.99087
27.40125,1.99750,0.00968,0.00000,0.99032
27.50125,1.99750,0.01017,0.00000,0.98983
27.60125,1.99750,0.01066,0.00000,0.98934
27.70125,1.99750,0.01104,0.00000,0.98896
27.80125,1.99750,0.01129,0.00000,0.98871
27.90125,1.99750,0.01158,0.00000,0.98842
28.00125,1.99750,0.01184,0.00000,0.98816
28.10125,1.99750,0.01233,0.00000,0.98767
28.20125,1.99750,0.01357,0.00000,0.98643
28.30125,1.99750,0.01559,0.00000,0.98441
28.40125,1.99750,0.01977,0.00000,0.98023
28.50125,1.99750,0.02543,0.00000,0.97457
28.60125,1.99750,0.03298,0.00000,0.96702
28.70125,1.99750,0.04314,0.00000,0.95685
28.80125,1.99750,0.05307,0.00000,0.94693
28.90125,1.99750,0.06713,0.00000,0.93287
29.00125,1.99750,0.08199,0.00001,0.91801
29.10125,1.99750,0.10006,0.00002,0.89993
29.20125,1.99750,0.12015,0.00004,0.87981
29.30125,1.99750,0.14451,0.00011,0.85538
29.40125,1.99750,0.17311,0.00030,0.82660
29.50125,1.99750,0.20623,0.00076,0.79302
29.60125,1.99750,0.25080,0.00195,0.74725
29.70125,1.99750,0.29814,0.00507,0.69678
29.80125,1.99750,0.35609,0.01360,0.63031
29.90125,1.99750,0.42536,0.03346,0.54118
30.00125,1.99750,0.49466,0.07340,0.43194
30.10125,1.99750,0.53761,0.12977,0.33262
30.20125,1.99750,0.55242,0.19137,0.25621
30.30125,1.99750,0.56084,0.22648,0.21268
30.40125,1.99750,0.57028,0.22309,0.20663
30.50125,1.99750,0.55949,0.22941,0.21110
30.60125,1.99750,0.52929,0.25992,0.21079
30.70125,1.99750,0.48784,0.30424,0.20792
30.80125,1.99750,0.45917,0.33989,0.20094
30.90125,1.99750,0.42339,0.38082,0.19580
31.00125,1.99750,0.41234,0.39733,0.19033
31.10125,1.99750,0.43093,0.38069,0.18838
31.20125,1.99750,0.45330,0.36233,0.18437
31.30125,1.99750,0.47353,0.34293,0.18354
31.40125,1.99750,0.47750,0.34168,0.18082
31.50125,1.99750,0.46151,0.35909,0.17939
31.60125,1.99750,0.44623,0.37742,0.17635
31.70125,1.99750,0.43308,0.39328,0.17365
31.80125,1.99750,0.40609,0.41971,0.17421
31.90125,1.99750,0.36309,0.46136,0.17556
32.00125,1.99750,0.29288,0.54157,0.16554
32.10125,1.99750,0.22441,0.62706,0.14853
32.20125,1.99750,0.17559,0.68999,0.13442
32.30125,1.99750,0.14627,0.73036,0.12337
32.40125,1.99750,0.13056,0.75569,0.11376
32.50125,1.99750,0.12582,0.76468,0.10949
32.60125,1.99750,0.12604,0.76493,0.10903
32.70125,1.99750,0.12765,0.76263,0.10972
32.80125,1.99750,0.12940,0.75970,0.11090
32.90125,1.99750,0.12620,0.76456,0.10923
33.00125,1.99750,0.11362,0.78363,0.10276
33.10125,1.99750,0.09761,0.80803,0.09436
33.20125,1.99750,0.08079,0.83457,0.08465
33.30125,1.99750,0.06399,0.86503,0.07098
33.40125,1.99750,0.05625,0.87920,0.06455
33.50125,1.99750,0.05210,0.88714,0.06077
33.60125,1.99750,0.04709,0.89752,0.05539
33.70125,1.99750,0.04227,0.90778,0.04995
33.80125,1.99750,0.03873,0.91560,0.04567
33.90125,1.99750,0.03628,0.92096,0.04275
34.00125,1.99750,0.03541,0.92313,0.04146
34.10125,1.99750,0.03511,0.92424,0.04065
34.20125,1.99750,0.03544,0.92369,0.04088
34.30125,1.99750,0.03498,0.92494,0.04008
34.40125,1.99750,0.03363,0.92747,0.03890
34.50125,1.99750,0.03262,0.92938,0.03800
34.60125,1.99750,0.03197,0.93062,0.03742
34.70125,1.99750,0.03161,0.93129,0.03710
34.80125,1.99750,0.03159,0.93154,0.03687
34.90125,1.99750,0.03177,0.93130,0.03692
35.00125,1.99750,0.03229,0.93021,0.03750
35.10125,1.99750,0.03292,0.92884,0.03824
35.20125,1.99750,0.03359,0.92731,0.03910
35.30125,1.99750,0.03435,0.92553,0.04012
35.40125,1.99750,0.03503,0.92371,0.04126
35.50125,1.99750,0.03593,0.92141,0.04266
35.60125,1.99750,0.03689,0.91873,0.04439
35.70125,1.99750,0.03781,0.91616,0.04603
35.80125,1.99750,0.03868,0.91364,0.04768
35.90125,1.99750,0.03954,0.91106,0.04940
36.00125,1.99750,0.04033,0.90845,0.05122
36.10125,1.99750,0.04076,0.90665,0.05259
36.20125,1.99750,0.04099,0.90518,0.05383
36.30125,1.99750,0.04119,0.90383,0.05499
36.40125,1.99750,0.04127,0.90275,0.05598
36.50125,1.99750,0.04129,0.90188,0.05683
36.60125,1.99750,0.04140,0.90078,0.05782
36.70125,1.99750,0.04123,0.90034,0.05842
36.80125,1.99750,0.04105,0.89962,0.05933
36.90125,1.99750,0.04084,0.89913,0.06004
37.00125,1.99750,0.04052,0.89895,0.06053
37.10125,1.99750,0.04020,0.89899,0.06081
37.20125,1.99750,0.04020,0.89826,0.06153
37.30125,1.99750,0.03972,0.89918,0.06110
37.40125,1.99750,0.03922,0.90011,0.06067
37.50125,1.99750,0.03878,0.90106,0.06016
37.60125,1.99750,0.03839,0.90199,0.05962
37.70125,1.99750,0.03809,0.90273,0.05917
37.80125,1.99750,0.03785,0.90337,0.05878
37.90125,1.99750,0.03761,0.90395,0.05843
38.00125,1.99750,0.03757,0.90423,0.05820
38.10125,1.99750,0.03742,0.90470,0.05788
38.20125,1.99750,0.03730,0.90526,0.05744
38.30125,1.99750,0.03713,0.90613,0.05674
38.40125,1.99750,0.03700,0.90689,0.05611
38.50125,1.99750,0.03694,0.90744,0.05562
38.60125,1.99750,0.03692,0.90811,0.05497
38.70125,1.99750,0.03692,0.90872,0.05436
38.80125,1.99750,0.03680,0.90964,0.05356
38.90125,1.99750,0.03666,0.91068,0.05265
39.00125,1.99750,0.03655,0.91167,0.05178
39.10125,1.99750,0.03634,0.91277,0.05089
39.20125,1.99750,0.03614,0.91373,0.05012
39.30125,1.99750,0.03608,0.91441,0.04950
39.40125,1.99750,0.03582,0.91554,0.04864
39.50125,1.99750,0.03544,0.91692,0.04765
39.60125,1.99750,0.03504,0.91834,0.04663
39.70125,1.99750,0.03465,0.91962,0.04573
39.80125,1.99750,0.03429,0.92085,0.04486
39.90125,1.99750,0.03394,0.92212,0.04394
40.00125,1.99750,0.03363,0.92335,0.04302
40.10125,1.99750,0.03335,0.92449,0.04216
40.20125,1.99750,0.03312,0.92545,0.04143
40.30125,1.99750,0.03304,0.92587,0.04108
40.40125,1.99750,0.03280,0.92649,0.04071
40.50125,1.99750,0.03259,0.92705,0.04036
40.60125,1.99750,0.03233,0.92764,0.04003
40.70125,1.99750,0.03196,0.92838,0.03966
40.80125,1.99750,0.03159,0.92909,0.03932
40.90125,1.99750,0.03164,0.92871,0.03966
41.00125,1.99750,0.03160,0.92835,0.04005
41.10125,1.99750,0.03149,0.92826,0.04025
41.20125,1.99750,0.03158,0.92772,0.04070
41.30125,1.99750,0.03164,0.92709,0.04127
41.40125,1.99750,0.03178,0.92627,0.04195
41.50125,1.99750,0.03210,0.92499,0.04291
41.60125,1.99750,0.03240,0.92379,0.04381
41.70125,1.99750,0.03259,0.92295,0.04447
41.80125,1.99750,0.03275,0.92201,0.04524
41.90125,1.99750,0.03282,0.92118,0.04600
42.00125,1.99750,0.03288,0.92029,0.04683
42.10125,1.99750,0.03319,0.91886,0.04796
42.20125,1.99750,0.03340,0.91755,0.04906
42.30125,1.99750,0.03350,0.91665,0.04985
42.40125,1.99750,0.03378,0.91552,0.05070
42.50125,1.99750,0.03397,0.91456,0.05146
42.60125,1.99750,0.03436,0.91312,0.05252
42.70125,1.99750,0.03514,0.91070,0.05416
42.80125,1.99750,0.03583,0.90854,0.05563
42.90125,1.99750,0.03607,0.90773,0.05620
43.00125,1.99750,0.03630,0.90693,0.05677
43.10125,1.99750,0.03643,0.90630,0.05727
43.20125,1.99750,0.03649,0.90600,0.05751
43.30125,1.99750,0.03670,0.90534,0.05797
43.40125,1.99750,0.03683,0.90505,0.05811
43.50125,1.99750,0.03665,0.90556,0.05778
43.60125,1.99750,0.03646,0.90619,0.05735
43.70125,1.99750,0.03633,0.90674,0.05693
43.80125,1.99750,0.03622,0.90729,0.05649
43.90125,1.99750,0.03632,0.90719,0.05649
44.00125,1.99750,0.03635,0.90739,0.05626
44.10125,1.99750,0.03612,0.90819,0.05569
44.20125,1.99750,0.03601,0.90867,0.05533
44.30125,1.99750,0.03582,0.90937,0.05481
44.40125,1.99750,0.03570,0.90992,0.05438
44.50125,1.99750,0.03576,0.90999,0.05425
44.60125,1.99750,0.03574,0.91025,0.05400
44.70125,1.99750,0.03562,0.91089,0.05349
44.80125,1.99750,0.03557,0.91135,0.05308
44.90125,1.99750,0.03553,0.91185,0.05262
45.00125,1.99750,0.03564,0.91216,0.05221
45.10125,1.99750,0.03582,0.91234,0.05183
45.20125,1.99750,0.03607,0.91237,0.05157
45.30125,1.99750,0.03612,0.91295,0.05093
45.40125,1.99750,0.03613,0.91353,0.05034
45.50125,1.99750,0.03626,0.91383,0.04991
45.60125,1.99750,0.03643,0.91398,0.04959
45.70125,1.99750,0.03664,0.91395,0.04941
45.80125,1.99750,0.03677,0.91413,0.04910
45.90125,1.99750,0.03668,0.91501,0.04832
46.00125,1.99750,0.03653,0.91595,0.04752
46.10125,1.99750,0.03643,0.91691,0.04666
46.20125,1.99750,0.03633,0.91792,0.04575
46.30125,1.99750,0.03623,0.91882,0.04495
46.40125,1.99750,0.03605,0.91997,0.04398
46.50125,1.99750,0.03577,0.92121,0.04301
46.60125,1.99750,0.03542,0.92260,0.04198
46.70125,1.99750,0.03506,0.92389,0.04105
46.80125,1.99750,0.03460,0.92519,0.04021
46.90125,1.99750,0.03409,0.92642,0.03948
47.00125,1.99750,0.03370,0.92722,0.03908
47.10125,1.99750,0.03329,0.92803,0.03868
47.20125,1.99750,0.03287,0.92876,0.03837
47.30125,1.99750,0.03250,0.92940,0.03811
47.40125,1.99750,0.03210,0.92989,0.03801
47.50125,1.99750,0.03182,0.93013,0.03805
47.60125,1.99750,0.03163,0.93016,0.03820
47.70125,1.99750,0.03160,0.92994,0.03846
47.80125,1.99750,0.03163,0.92955,0.03881
47.90125,1.99750,0.03170,0.92908,0.03922
48.00125,1.99750,0.03192,0.92811,0.03997
48.10125,1.99750,0.03220,0.92715,0.04065
48.20125,1.99750,0.03249,0.92613,0.04138
48.30125,1.99750,0.03283,0.92495,0.04222
48.40125,1.99750,0.03311,0.92392,0.04297
48.50125,1.99750,0.03343,0.92278,0.04379
48.60125,1.99750,0.03366,0.92172,0.04462
48.70125,1.99750,0.03404,0.92027,0.04569
48.80125,1.99750,0.03461,0.91855,0.04684
48.90125,1.99750,0.03519,0.91681,0.04799
49.00125,1.99750,0.03569,0.91528,0.04903
49.10125,1.99750,0.03616,0.91378,0.05005
49.20125,1.99750,0.03664,0.91228,0.05108
49.30125,1.99750,0.03701,0.91113,0.05186
49.40125,1.99750,0.03745,0.90992,0.05263
49.50125,1.99750,0.03785,0.90885,0.05330
49.60125,1.99750,0.03810,0.90801,0.05388
49.70125,1.99750,0.03831,0.90724,0.05445
49.80125,1.99750,0.03856,0.90631,0.05513
49.90125,1.99750,0.03872,0.90541,0.05586
50.00125,1.99750,0.03882,0.90471,0.05647
50.10125,1.99750,0.03888,0.90405,0.05707
50.20125,1.99750,0.03878,0.90382,0.05740
50.30125,1.99750,0.03864,0.90361,0.05775
50.40125,1.99750,0.03858,0.90321,0.05820
50.50125,1.99750,0.03839,0.90317,0.05844
50.60125,1.99750,0.03811,0.90344,0.05845
50.70125,1.99750,0.03786,0.90379,0.05835
50.80125,1.99750,0.03753,0.90440,0.05807
50.90125,1.99750,0.03717,0.90515,0.05768
51.00125,1.99750,0.03682,0.90615,0.05703
51.10125,1.99750,0.03652,0.90692,0.05657
51.20125,1.99750,0.03622,0.90778,0.05601
51.30125,1.99750,0.03599,0.90844,0.05557
51.40125,1.99750,0.03573,0.90930,0.05497
51.50125,1.99750,0.03541,0.91028,0.05431
51.60125,1.99750,0.03546,0.91064,0.05390
51.70125,1.99750,0.03546,0.91107,0.05347
51.80125,1.99750,0.03507,0.91242,0.05251
51.90125,1.99750,0.03484,0.91343,0.05173
52.00125,1.99750,0.03461,0.91450,0.05089
52.10125,1.99750,0.03429,0.91582,0.04989
52.20125,1.99750,0.03419,0.91648,0.04933
52.30125,1.99750,0.03398,0.91748,0.04854
52.40125,1.99750,0.03366,0.91873,0.04761
52.50125,1.99750,0.03338,0.91993,0.04669
52.60125,1.99750,0.03304,0.92125,0.04572
52.70125,1.99750,0.03263,0.92266,0.04471
52.80125,1.99750,0.03234,0.92383,0.04383
52.90125,1.99750,0.03230,0.92451,0.04319
53.00125,1.99750,0.03226,0.92511,0.04264
53.10125,1.99750,0.03219,0.92571,0.04210
53.20125,1.99750,0.03212,0.92637,0.04151
53.30125,1.99750,0.03208,0.92696,0.04096
53.40125,1.99750,0.03204,0.92747,0.04049
53.50125,1.99750,0.03216,0.92748,0.04036
53.60125,1.99750,0.03193,0.92818,0.03989
53.70125,1.99750,0.03182,0.92868,0.03951
53.80125,1.99750,0.03185,0.92892,0.03923
53.90125,1.99750,0.03192,0.92911,0.03897
54.00125,1.99750,0.03200,0.92922,0.03878
54.10125,1.99750,0.03219,0.92919,0.03861
54.20125,1.99750,0.03221,0.92966,0.03813
54.30125,1.99750,0.03228,0.92984,0.03787
54.40125,1.99750,0.03235,0.92996,0.03768
54.50125,1.99750,0.03256,0.92978,0.03766
54.60125,1.99750,0.03284,0.92942,0.03774
54.70125,1.99750,0.03322,0.92879,0.03799
54.80125,1.99750,0.03341,0.92845,0.03814
54.90125,1.99750,0.03367,0.92786,0.03847
55.00125,1.99750,0.03397,0.92704,0.03899
55.10125,1.99750,0.03430,0.92620,0.03950
55.20125,1.99750,0.03467,0.92525,0.04008
55.30125,1.99750,0.03520,0.92381,0.04099
55.40125,1.99750,0.03570,0.92246,0.04184
55.50125,1.99750,0.03596,0.92171,0.04233
55.60125,1.99750,0.03613,0.92113,0.04274
55.70125,1.99750,0.03609,0.92094,0.04297
55.80125,1.99750,0.03599,0.92071,0.04330
55.90125,1.99750,0.03620,0.91958,0.04422
56.00125,1.99750,0.03639,0.91850,0.04512
56.10125,1.99750,0.03645,0.91750,0.04605
56.20125,1.99750,0.03653,0.91654,0.04692
56.30125,1.99750,0.03654,0.91582,0.04764
56.40125,1.99750,0.03654,0.91515,0.04831
56.50125,1.99750,0.03684,0.91374,0.04942
56.60125,1.99750,0.03718,0.91232,0.05050
56.70125,1.99750,0.03727,0.91134,0.05139
56.80125,1.99750,0.03737,0.91041,0.05223
56.90125,1.99750,0.03733,0.90976,0.05291
57.00125,1.99750,0.03730,0.90914,0.05356
57.10125,1.99750,0.03719,0.90870,0.05411
57.20125,1.99750,0.03720,0.90810,0.05470
57.30125,1.99750,0.03703,0.90811,0.05486
57.40125,1.99750,0.03698,0.90784,0.05517
57.50125,1.99750,0.03689,0.90757,0.05554
57.60125,1.99750,0.03696,0.90690,0.05614
57.70125,1.99750,0.03720,0.90597,0.05682
57.80125,1.99750,0.03739,0.90540,0.05720
57.90125,1.99750,0.03729,0.90566,0.05706
58.00125,1.99750,0.03729,0.90575,0.05696
58.10125,1.99750,0.03736,0.90565,0.05699
58.20125,1.99750,0.03742,0.90552,0.05706
58.30125,1.99750,0.03753,0.90525,0.05722
58.40125,1.99750,0.03765,0.90495,0.05740
58.50125,1.99750,0.03738,0.90576,0.05686
58.60125,1.99750,0.03721,0.90632,0.05646
58.70125,1.99750,0.03714,0.90666,0.05620
58.80125,1.99750,0.03709,0.90701,0.05590
58.90125,1.99750,0.03703,0.90742,0.05554
59.00125,1.99750,0.03696,0.90790,0.05514
59.10125,1.99750,0.03681,0.90853,0.05466
59.20125,1.99750,0.03661,0.90919,0.05420
59.30125,1.99750,0.03645,0.90973,0.05382
59.40125,1.99750,0.03629,0.91027,0.05344
59.50125,1.99750,0.03615,0.91069,0.05316
59.60125,1.99750,0.03597,0.91127,0.05276
59.70125,1.99750,0.03582,0.91180,0.05238
59.80125,1.99750,0.03569,0.91229,0.05202
59.90125,1.99750,0.03558,0.91275,0.05167
60.00125,1.99750,0.03549,0.91317,0.05134
60.10125,1.99750,0.03554,0.91356,0.05090
60.20125,1.99750,0.03563,0.91377,0.05060
60.30125,1.99750,0.03584,0.91367,0.05049
60.40125,1.99750,0.03609,0.91349,0.05042
60.50125,1.99750,0.03619,0.91353,0.05028
60.60125,1.99750,0.03619,0.91380,0.05001
60.70125,1.99750,0.03608,0.91437,0.04955
60.80125,1.99750,0.03603,0.91485,0.04912
60.90125,1.99750,0.03604,0.91518,0.04878
61.00125,1.99750,0.03613,0.91532,0.04856
61.10125,1.99750,0.03608,0.91579,0.04813
61.20125,1.99750,0.03583,0.91657,0.04761
61.30125,1.99750,0.03571,0.91735,0.04694
61.40125,1.99750,0.03551,0.91832,0.04618
61.50125,1.99750,0.03529,0.91957,0.04514
61.60125,1.99750,0.03503,0.92084,0.04414
61.70125,1.99750,0.03482,0.92190,0.04329
61.80125,1.99750,0.03451,0.92322,0.04227
61.90125,1.99750,0.03408,0.92472,0.04120
62.00125,1.99750,0.03343,0.92647,0.04010
62.10125,1.99750,0.03257,0.92849,0.03894
62.20125,1.99751,0.03204,0.92972,0.03824
62.30125,1.99750,0.03145,0.93100,0.03755
62.40125,1.99750,0.03086,0.93224,0.03690
62.50125,1.99750,0.03043,0.93306,0.03651
62.60125,1.99750,0.03008,0.93373,0.03619
62.70125,1.99751,0.02972,0.93428,0.03601
62.80125,1.99750,0.02935,0.93490,0.03575
62.90125,1.99750,0.02896,0.93552,0.03552
63.00125,1.99750,0.02835,0.93681,0.03484
63.10125,1.99750,0.02783,0.93796,0.03421
63.20125,1.99751,0.02742,0.93888,0.03370
63.30125,1.99750,0.02720,0.93931,0.03348
63.40125,1.99750,0.02727,0.93906,0.03367
63.50125,1.99750,0.02722,0.93891,0.03387
63.60125,1.99750,0.02738,0.93829,0.03433
63.70125,1.99751,0.02765,0.93754,0.03481
63.80125,1.99750,0.02808,0.93639,0.03553
63.90125,1.99750,0.02866,0.93484,0.03650
64.00125,1.99750,0.02935,0.93293,0.03772
64.10125,1.99750,0.02987,0.93150,0.03863
64.20125,1.99751,0.03043,0.93020,0.03937
64.30125,1.99751,0.03103,0.92879,0.04017
64.40125,1.99750,0.03180,0.92715,0.04105
64.50125,1.99750,0.03248,0.92567,0.04186
64.60125,1.99750,0.03305,0.92442,0.04254
64.70125,1.99751,0.03384,0.92265,0.04351
64.80125,1.99751,0.03462,0.92083,0.04455
64.90125,1.99750,0.03567,0.91841,0.04592
65.00125,1.99750,0.03678,0.91571,0.04751
65.10125,1.99750,0.03782,0.91299,0.04919
65.20125,1.99751,0.03879,0.91039,0.05082
65.30125,1.99751,0.03960,0.90798,0.05242
65.40125,1.99750,0.04010,0.90625,0.05365
65.50125,1.99750,0.04060,0.90446,0.05495
65.60125,1.99750,0.04093,0.90294,0.05613
65.70125,1.99751,0.04103,0.90202,0.05695
65.80125,1.99751,0.04105,0.90136,0.05759
65.90125,1.99750,0.04095,0.90101,0.05804
66.00125,1.99750,0.04101,0.90050,0.05849
66.10125,1.99750,0.04098,0.90040,0.05862
66.20125,1.99751,0.04089,0.90041,0.05870
66.30125,1.99751,0.04065,0.90070,0.05864
66.40125,1.99750,0.04037,0.90108,0.05855
66.50125,1.99750,0.04002,0.90153,0.05845
66.60125,1.99750,0.03962,0.90208,0.05830
66.70125,1.99751,0.03904,0.90352,0.05744
66.80125,1.99751,0.03845,0.90487,0.05668
66.90125,1.99750,0.03800,0.90589,0.05611
67.00125,1.99750,0.03761,0.90673,0.05567
67.10125,1.99750,0.03726,0.90741,0.05533
67.20125,1.99751,0.03695,0.90804,0.05501
67.30125,1.99751,0.03676,0.90853,0.05471
67.40125,1.99750,0.03654,0.90943,0.05403
67.50125,1.99750,0.03636,0.91020,0.05344
67.60125,1.99750,0.03616,0.91096,0.05287
67.70125,1.99751,0.03604,0.91142,0.05254
67.80125,1.99751,0.03592,0.91180,0.05228
67.90125,1.99750,0.03577,0.91212,0.05211
68.00125,1.99750,0.03560,0.91239,0.05202
68.10125,1.99750,0.03560,0.91243,0.05196
68.20125,1.99751,0.03562,0.91240,0.05198
68.30125,1.99751,0.03559,0.91258,0.05183
68.40125,1.99750,0.03561,0.91260,0.05179
68.50125,1.99750,0.03559,0.91270,0.05171
68.60125,1.99750,0.03559,0.91275,0.05167
68.70125,1.99751,0.03561,0.91247,0.05192
68.80125,1.99751,0.03574,0.91202,0.05224
68.90125,1.99750,0.03577,0.91193,0.05230
69.00125,1.99750,0.03592,0.91164,0.05244
69.10125,1.99750,0.03606,0.91126,0.05268
69.20125,1.99751,0.03620,0.91089,0.05290
69.30125,1.99751,0.03636,0.91052,0.05312
69.40125,1.99750,0.03639,0.91021,0.05340
69.50125,1.99750,0.03644,0.91002,0.05354
69.60125,1.99750,0.03653,0.90975,0.05372
69.70125,1.99751,0.03665,0.90950,0.05385
69.80125,1.99751,0.03680,0.90923,0.05397
69.90125,1.99750,0.03695,0.90898,0.05407
70.00125,1.99750,0.03709,0.90874,0.05417
70.10125,1.99750,0.03704,0.90899,0.05397
70.20125,1.99751,0.03705,0.90900,0.05395
70.30125,1.99751,0.03713,0.90887,0.05401
70.40125,1.99750,0.03718,0.90882,0.05400
70.50125,1.99750,0.03728,0.90863,0.05410
70.60125,1.99750,0.03740,0.90841,0.05419
70.70125,1.99751,0.03763,0.90792,0.05446
70.80125,1.99751,0.03780,0.90753,0.05467
70.90125,1.99750,0.03791,0.90718,0.05491
71.00125,1.99750,0.03794,0.90702,0.05503
71.10125,1.99750,0.03801,0.90683,0.05517
71.20125,1.99751,0.03801,0.90673,0.05526
71.30125,1.99751,0.03803,0.90656,0.05541
71.40125,1.99750,0.03803,0.90668,0.05529
71.50125,1.99750,0.03793,0.90672,0.05535
71.60125,1.99750,0.03779,0.90681,0.05540
71.70125,1.99751,0.03758,0.90707,0.05536
71.80125,1.99751,0.03736,0.90735,0.05528
71.90125,1.99750,0.03713,0.90770,0.05517
72.00125,1.99750,0.03692,0.90804,0.05504
72.10125,1.99750,0.03674,0.90829,0.05498
72.20125,1.99751,0.03656,0.90851,0.05492
72.30125,1.99751,0.03635,0.90883,0.05482
72.40125,1.99750,0.03615,0.90917,0.05467
72.50125,1.99750,0.03599,0.90939,0.05462
72.60125,1.99750,0.03599,0.90918,0.05483
72.70125,1.99751,0.03576,0.90944,0.05480
72.80125,1.99751,0.03564,0.90972,0.05464
72.90125,1.99750,0.03549,0.91001,0.05450
73.00125,1.99750,0.03530,0.91044,0.05426
73.10125,1.99750,0.03518,0.91072,0.05410
73.20125,1.99751,0.03526,0.91041,0.05434
73.30125,1.99751,0.03533,0.91008,0.05458
73.40125,1.99750,0.03546,0.90980,0.05474
73.50125,1.99750,0.03562,0.90955,0.05482
73.60125,1.99750,0.03573,0.90941,0.05486
73.70125,1.99751,0.03594,0.90900,0.05506
73.80125,1.99751,0.03637,0.90809,0.05554
73.90125,1.99750,0.03689,0.90702,0.05609
74.00125,1.99750,0.03716,0.90640,0.05643
74.10125,1.99750,0.03754,0.90566,0.05680
74.20125,1.99751,0.03783,0.90518,0.05699
74.30125,1.99751,0.03814,0.90471,0.05715
74.40125,1.99750,0.03857,0.90410,0.05732
74.50125,1.99750,0.03881,0.90407,0.05712
74.60125,1.99750,0.03874,0.90462,0.05663
74.70125,1.99751,0.03876,0.90514,0.05611
74.80125,1.99751,0.03858,0.90592,0.05550
74.90125,1.99750,0.03824,0.90712,0.05464
75.00125,1.99750,0.03771,0.90872,0.05357
75.10125,1.99750,0.03739,0.90991,0.05271
75.20125,1.99751,0.03678,0.91183,0.05139
75.30125,1.99751,0.03616,0.91376,0.05008
75.40125,1.99750,0.03542,0.91586,0.04872
75.50125,1.99750,0.03469,0.91789,0.04742
75.60125,1.99750,0.03394,0.91994,0.04612
75.70125,1.99751,0.03349,0.92114,0.04537
75.80125,1.99751,0.03288,0.92270,0.04442
75.90125,1.99750,0.03246,0.92383,0.04371
76.00125,1.99750,0.03207,0.92501,0.04293
76.10125,1.99750,0.03166,0.92620,0.04214
76.20125,1.99751,0.03130,0.92726,0.04144
76.30125,1.99751,0.03108,0.92796,0.04096
76.40125,1.99750,0.03084,0.92869,0.04046
76.50125,1.99750,0.03068,0.92930,0.04002
76.60125,1.99750,0.03052,0.92992,0.03956
76.70125,1.99751,0.03041,0.93045,0.03914
76.80125,1.99751,0.03044,0.93070,0.03886
76.90125,1.99750,0.03055,0.93080,0.03866
77.00125,1.99750,0.03088,0.93039,0.03873
77.10125,1.99750,0.03110,0.93015,0.03875
77.20125,1.99751,0.03134,0.92990,0.03876
77.30125,1.99751,0.03165,0.92944,0.03890
77.40125,1.99750,0.03200,0.92898,0.03901
77.50125,1.99750,0.03238,0.92846,0.03916
77.60125,1.99750,0.03271,0.92803,0.03926
77.70125,1.99751,0.03279,0.92817,0.03904
77.80125,1.99751,0.03291,0.92822,0.03886
77.90125,1.99750,0.03292,0.92836,0.03872
78.00125,1.99750,0.03293,0.92852,0.03856
78.10125,1.99750,0.03293,0.92860,0.03847
78.20125,1.99751,0.03292,0.92862,0.03846
78.30125,1.99751,0.03281,0.92872,0.03847
78.40125,1.99750,0.03279,0.92863,0.03857
78.50125,1.99750,0.03283,0.92835,0.03882
78.60125,1.99750,0.03288,0.92795,0.03918
78.70125,1.99751,0.03293,0.92749,0.03957
78.80125,1.99751,0.03302,0.92694,0.04004
78.90125,1.99750,0.03314,0.92611,0.04074
79.00125,1.99750,0.03314,0.92569,0.04117
79.10125,1.99750,0.03320,0.92508,0.04172
79.20125,1.99751,0.03324,0.92444,0.04232
79.30125,1.99751,0.03328,0.92376,0.04295
79.40125,1.99750,0.03335,0.92298,0.04366
79.50125,1.99750,0.03351,0.92199,0.04450
79.60125,1.99750,0.03365,0.92103,0.04532
79.70125,1.99751,0.03375,0.92025,0.04600
79.80125,1.99751,0.03384,0.91941,0.04675
79.90125,1.99750,0.03386,0.91875,0.04738
80.00125,1.99750,0.03394,0.91794,0.04812
80.10125,1.99750,0.03416,0.91673,0.04911
80.20125,1.99751,0.03436,0.91560,0.05004
80.30125,1.99751,0.03453,0.91475,0.05072
80.40125,1.99750,0.03471,0.91388,0.05141
80.50125,1.99750,0.03480,0.91332,0.05188
80.60125,1.99750,0.03485,0.91284,0.05231
80.70125,1.99751,0.03503,0.91218,0.05280
80.80125,1.99751,0.03513,0.91161,0.05325
80.90125,1.99750,0.03517,0.91134,0.05349
81.00125,1.99750,0.03531,0.91085,0.05384
81.10125,1.99750,0.03542,0.91045,0.05413
81.20125,1.99751,0.03553,0.91007,0.05440
81.30125,1.99751,0.03565,0.90961,0.05474
81.40125,1.99750,0.03572,0.90923,0.05505
81.50125,1.99750,0.03579,0.90888,0.05533
81.60125,1.99750,0.03592,0.90839,0.05568
81.70125,1.99751,0.03607,0.90793,0.05600
81.80125,1.99751,0.03631,0.90724,0.05645
81.90125,1.99750,0.03663,0.90638,0.05699
82.00125,1.99750,0.03719,0.90526,0.05755
82.10125,1.99750,0.03751,0.90450,0.05799
82.20125,1.99751,0.03769,0.90422,0.05809
82.30125,1.99751,0.03753,0.90488,0.05759
82.40125,1.99750,0.03762,0.90494,0.05744
82.50125,1.99750,0.03804,0.90421,0.05774
82.60125,1.99750,0.03885,0.90269,0.05845
82.70125,1.99751,0.03965,0.90118,0.05917
82.80125,1.99751,0.04028,0.89992,0.05980
82.90125,1.99750,0.04035,0.89969,0.05997
83.00125,1.99750,0.04030,0.89962,0.06008
83.10125,1.99750,0.04031,0.89948,0.06022
83.20125,1.99751,0.04035,0.89962,0.06003
83.30125,1.99751,0.04023,0.90008,0.05970
83.40125,1.99750,0.04007,0.90083,0.05911
83.50125,1.99750,0.03995,0.90139,0.05865
83.60125,1.99750,0.04005,0.90161,0.05834
83.70125,1.99751,0.04029,0.90150,0.05820
83.80125,1.99751,0.04051,0.90102,0.05846
83.90125,1.99750,0.04047,0.90100,0.05853
84.00125,1.99750,0.04037,0.90147,0.05816
84.10125,1.99750,0.04013,0.90243,0.05743
84.20125,1.99751,0.03989,0.90354,0.05658
84.30125,1.99751,0.03961,0.90466,0.05573
84.40125,1.99750,0.03942,0.90523,0.05535
84.50125,1.99750,0.03855,0.90739,0.05406
84.60125,1.99750,0.03750,0.90991,0.05259
84.70125,1.99751,0.03628,0.91269,0.05103
84.80125,1.99751,0.03532,0.91501,0.04967
84.90125,1.99750,0.03485,0.91650,0.04865
85.00125,1.99750,0.03463,0.91755,0.04782
85.10125,1.99750,0.03455,0.91805,0.04740
85.20125,1.99751,0.03459,0.91828,0.04713
85.30125,1.99751,0.03471,0.91836,0.04692
85.40125,1.99750,0.03502,0.91795,0.04703
85.50125,1.99750,0.03522,0.91767,0.04712
85.60125,1.99750,0.03510,0.91804,0.04686
85.70125,1.99751,0.03495,0.91858,0.04647
85.80125,1.99751,0.03482,0.91936,0.04582
85.90125,1.99750,0.03464,0.92014,0.04522
86.00125,1.99750,0.03438,0.92086,0.04477
86.10125,1.99750,0.03406,0.92156,0.04438
86.20125,1.99751,0.03366,0.92238,0.04395
86.30125,1.99751,0.03350,0.92267,0.04383
86.40125,1.99750,0.03301,0.92376,0.04323
86.50125,1.99750,0.03265,0.92463,0.04272
86.60125,1.99750,0.03237,0.92535,0.04228
86.70125,1.99751,0.03237,0.92580,0.04183
86.80125,1.99751,0.03236,0.92602,0.04161
86.90125,1.99750,0.03205,0.92674,0.04120
87.00125,1.99750,0.03184,0.92721,0.04095
87.10125,1.99750,0.03151,0.92789,0.04060
87.20125,1.99751,0.03155,0.92777,0.04067
87.30125,1.99751,0.03152,0.92780,0.04068
87.40125,1.99750,0.03091,0.92903,0.04006
87.50125,1.99750,0.03024,0.93059,0.03917
87.60125,1.99750,0.02971,0.93178,0.03851
87.70125,1.99751,0.02920,0.93295,0.03785
87.80125,1.99751,0.02873,0.93397,0.03729
87.90125,1.99750,0.02825,0.93498,0.03678
88.00125,1.99750,0.02789,0.93584,0.03627
88.10125,1.99750,0.02795,0.93580,0.03625
88.20125,1.99751,0.02817,0.93563,0.03621
88.30125,1.99751,0.02838,0.93539,0.03623
88.40125,1.99750,0.02860,0.93505,0.03635
88.50125,1.99750,0.02902,0.93421,0.03677
88.60125,1.99750,0.02942,0.93331,0.03727
88.70125,1.99751,0.02969,0.93271,0.03760
88.80125,1.99751,0.03007,0.93188,0.03806
88.90125,1.99750,0.03053,0.93118,0.03829
89.00125,1.99750,0.03074,0.93101,0.03825
89.10125,1.99750,0.03089,0.93097,0.03813
89.20125,1.99751,0.03061,0.93173,0.03766
89.30125,1.99751,0.03057,0.93198,0.03745
89.40125,1.99750,0.03096,0.93137,0.03767
89.50125,1.99750,0.03118,0.93113,0.03769
89.60125,1.99750,0.03118,0.93133,0.03748
89.70125,1.99751,0.03114,0.93159,0.03727
89.80125,1.99751,0.03125,0.93137,0.03738
89.90125,1.99750,0.03127,0.93136,0.03737
90.00125,1.99750,0.03127,0.93138,0.03735
90.10125,1.99750,0.03107,0.93176,0.03717
90.20125,1.99751,0.03079,0.93225,0.03696
90.30125,1.99751,0.03052,0.93273,0.03676
90.40125,1.99750,0.03058,0.93245,0.03696
90.50125,1.99750,0.03031,0.93294,0.03675
90.60125,1.99750,0.03015,0.93337,0.03648
90.70125,1.99751,0.02989,0.93389,0.03622
90.80125,1.99751,0.02956,0.93459,0.03585
90.90125,1.99750,0.02920,0.93538,0.03542
91.00125,1.99750,0.02878,0.93621,0.03501
91.10125,1.99750,0.02834,0.93711,0.03456
91.20125,1.99751,0.02793,0.93791,0.03416
91.30125,1.99751,0.02743,0.93890,0.03367
91.40125,1.99750,0.02696,0.93971,0.03333
91.50125,1.99750,0.02661,0.94027,0.03312
91.60125,1.99750,0.02644,0.94052,0.03304
91.70125,1.99751,0.02634,0.94068,0.03298
91.80125,1.99751,0.02611,0.94126,0.03263
91.90125,1.99750,0.02590,0.94186,0.03224
92.00125,1.99750,0.02565,0.94247,0.03188
92.10125,1.99750,0.02557,0.94281,0.03162
92.20125,1.99751,0.02562,0.94293,0.03146
92.30125,1.99751,0.02570,0.94295,0.03135
92.40125,1.99750,0.02560,0.94344,0.03096
92.50125,1.99750,0.02564,0.94362,0.03074
92.60125,1.99750,0.02563,0.94380,0.03057
92.70125,1.99751,0.02564,0.94397,0.03039
92.80125,1.99751,0.02579,0.94385,0.03036
92.90125,1.99750,0.02603,0.94352,0.03045
93.00125,1.99750,0.02631,0.94317,0.03052
93.10125,1.99750,0.02670,0.94256,0.03073
93.20125,1.99751,0.02707,0.94196,0.03097
93.30125,1.99751,0.02752,0.94122,0.03126
93.40125,1.99750,0.02796,0.94055,0.03149
93.50125,1.99750,0.02850,0.93960,0.03190
93.60125,1.99750,0.02887,0.93894,0.03218
93.70125,1.99751,0.02920,0.93840,0.03240
93.80125,1.99751,0.02949,0.93783,0.03268
93.90125,1.99750,0.02977,0.93727,0.03296
94.00125,1.99750,0.03005,0.93668,0.03327
94.10125,1.99750,0.03041,0.93595,0.03364
94.20125,1.99751,0.03059,0.93562,0.03379
94.30125,1.99751,0.03079,0.93520,0.03401
94.40125,1.99750,0.03087,0.93495,0.03418
