Time (seconds), Duration (seconds),pred_unlabelled,pred_Normal,pred_Noise
0.00125,1.99750,0.04501,0.87910,0.07589
0.10125,1.99750,0.07503,0.81085,0.11412
0.20125,1.99750,0.21303,0.38744,0.39954
0.30125,1.99750,0.17622,0.01058,0.81320
0.40125,1.99750,0.09961,0.00027,0.90012
0.50125,1.99750,0.06274,0.00001,0.93724
0.60125,1.99750,0.04307,0.00000,0.95693
0.70125,1.99750,0.03125,0.00000,0.96875
0.80125,1.99750,0.02413,0.00000,0.97587
0.90125,1.99750,0.01975,0.00000,0.98025
1.00125,1.99750,0.01676,0.00000,0.98324
1.10125,1.99750,0.01474,0.00000,0.98526
1.20125,1.99750,0.01337,0.00000,0.98663
1.30125,1.99750,0.01243,0.00000,0.98757
1.40125,1.99750,0.01178,0.00000,0.98822
1.50125,1.99750,0.01135,0.00000,0.98865
1.60125,1.99750,0.01107,0.00000,0.98893
1.70125,1.99750,0.01093,0.00000,0.98907
1.80125,1.99750,0.01084,0.00000,0.98916
1.90125,1.99750,0.01078,0.00000,0.98922
2.00125,1.99750,0.01072,0.00000,0.98928
2.10125,1.99750,0.01068,0.00000,0.98932
2.20125,1.99750,0.01065,0.00000,0.98935
2.30125,1.99750,0.01064,0.00000,0.98936
2.40125,1.99750,0.01065,0.00000,0.98935
2.50125,1.99750,0.01065,0.00000,0.98935
2.60125,1.99750,0.01064,0.00000,0.98936
2.70125,1.99750,0.01058,0.00000,0.98942
2.80125,1.99750,0.01047,0.00000,0.98952
2.90125,1.99750,0.01034,0.00000,0.98966
3.00125,1.99750,0.01017,0.00000,0.98983
3.10125,1.99750,0.00996,0.00000,0.99004
3.20125,1.99750,0.00973,0.00000,0.99027
3.30125,1.99750,0.00952,0.00000,0.99048
3.40125,1.99750,0.00931,0.00000,0.99069
3.50125,1.99750,0.00908,0.00000,0.99092
3.60125,1.99750,0.00885,0.00000,0.99115
3.70125,1.99750,0.00862,0.00000,0.99138
3.80125,1.99750,0.00842,0.00000,0.99158
3.90125,1.99750,0.00824,0.00000,0.99176
4.00125,1.99750,0.00806,0.00000,0.99194
4.10125,1.99750,0.00789,0.00000,0.99211
4.20125,1.99750,0.00771,0.00000,0.99229
4.30125,1.99750,0.00753,0.00000,0.99247
4.40125,1.99750,0.00736,0.00000,0.99264
4.50125,1.99750,0.00724,0.00000,0.99276
4.60125,1.99750,0.00715,0.00000,0.99285
4.70125,1.99750,0.00711,0.00000,0.99289
4.80125,1.99750,0.00708,0.00000,0.99292
4.90125,1.99750,0.00706,0.00000,0.99294
5.00125,1.99750,0.00706,0.00000,0.99294
5.10125,1.99750,0.00709,0.00000,0.99291
5.20125,1.99750,0.00712,0.00000,0.99288
5.30125,1.99750,0.00717,0.00000,0.99283
5.40125,1.99750,0.00723,0.00000,0.99277
5.50125,1.99750,0.00729,0.00000,0.99271
5.60125,1.99750,0.00736,0.00000,0.99264
5.70125,1.99750,0.00743,0.00000,0.99257
5.80125,1.99750,0.00751,0.00000,0.99249
5.90125,1.99750,0.00760,0.00000,0.99240
6.00125,1.99750,0.00772,0.00000,0.99228
6.10125,1.99750,0.00787,0.00000,0.99213
6.20125,1.99750,0.00804,0.00000,0.99196
6.30125,1.99750,0.00822,0.00000,0.99178
6.40125,1.99750,0.00841,0.00000,0.99159
6.50125,1.99750,0.00858,0.00000,0.99142
6.60125,1.99750,0.00874,0.00000,0.99126
6.70125,1.99750,0.00886,0.00000,0.99114
6.80125,1.99750,0.00897,0.00000,0.99103
6.90125,1.99750,0.00907,0.00000,0.99093
7.00125,1.99750,0.00917,0.00000,0.99083
7.10125,1.99750,0.00929,0.00000,0.99071
7.20125,1.99750,0.00942,0.00000,0.99058
7.30125,1.99750,0.00955,0.00000,0.99045
7.40125,1.99750,0.00969,0.00000,0.99031
7.50125,1.99750,0.00984,0.00000,0.99016
7.60125,1.99750,0.01001,0.00000,0.98999
7.70125,1.99750,0.01016,0.00000,0.98984
7.80125,1.99750,0.01030,0.00000,0.98970
7.90125,1.99750,0.01042,0.00000,0.98958
8.00125,1.99750,0.01054,0.00000,0.98946
8.10125,1.99750,0.01063,0.00000,0.98937
8.20125,1.99750,0.01072,0.00000,0.98928
8.30125,1.99750,0.01080,0.00000,0.98920
8.40125,1.99750,0.01086,0.00000,0.98914
8.50125,1.99750,0.01089,0.00000,0.98911
8.60125,1.99750,0.01092,0.00000,0.98909
8.70125,1.99750,0.01092,0.00000,0.98908
8.80125,1.99750,0.01093,0.00000,0.98907
8.90125,1.99750,0.01090,0.00000,0.98910
9.00125,1.99750,0.01084,0.00000,0.98916
9.10125,1.99750,0.01076,0.00000,0.98924
9.20125,1.99750,0.01065,0.00000,0.98935
9.30125,1.99750,0.01055,0.00000,0.98945
9.40125,1.99750,0.01047,0.00000,0.98953
9.50125,1.99750,0.01036,0.00000,0.98964
9.60125,1.99750,0.01024,0.00000,0.98976
9.70125,1.99750,0.01013,0.00000,0.98987
9.80125,1.99750,0.01000,0.00000,0.99000
9.90125,1.99750,0.00987,0.00000,0.99013
10.00125,1.99750,0.00975,0.00000,0.99025
10.10125,1.99750,0.00961,0.00000,0.99039
10.20125,1.99750,0.00946,0.00000,0.99054
10.30125,1.99750,0.00927,0.00000,0.99073
10.40125,1.99750,0.00907,0.00000,0.99093
10.50125,1.99750,0.00888,0.00000,0.99112
10.60125,1.99750,0.00872,0.00000,0.99128
10.70125,1.99750,0.00856,0.00000,0.99144
10.80125,1.99750,0.00841,0.00000,0.99159
10.90125,1.99750,0.00826,0.00000,0.99174
11.00125,1.99750,0.00813,0.00000,0.99187
11.10125,1.99750,0.00800,0.00000,0.99200
11.20125,1.99750,0.00785,0.00000,0.99215
11.30125,1.99750,0.00769,0.00000,0.99231
11.40125,1.99750,0.00752,0.00000,0.99248
11.50125,1.99750,0.00736,0.00000,0.99264
11.60125,1.99750,0.00720,0.00000,0.99280
11.70125,1.99750,0.00706,0.00000,0.99294
11.80125,1.99750,0.00694,0.00000,0.99306
11.90125,1.99750,0.00682,0.00000,0.99318
12.00125,1.99750,0.00672,0.00000,0.99328
12.10125,1.99750,0.00662,0.00000,0.99338
12.20125,1.99750,0.00654,0.00000,0.99346
12.30125,1.99750,0.00647,0.00000,0.99353
12.40125,1.99750,0.00641,0.00000,0.99359
12.50125,1.99750,0.00634,0.00000,0.99366
12.60125,1.99750,0.00627,0.00000,0.99373
12.70125,1.99750,0.00621,0.00000,0.99379
12.80125,1.99750,0.00617,0.00000,0.99383
12.90125,1.99750,0.00614,0.00000,0.99386
13.00125,1.99750,0.00612,0.00000,0.99388
13.10125,1.99750,0.00611,0.00000,0.99389
13.20125,1.99750,0.00612,0.00000,0.99388
13.30125,1.99750,0.00617,0.00000,0.99383
13.40125,1.99750,0.00624,0.00000,0.99376
13.50125,1.99750,0.00633,0.00000,0.99366
13.60125,1.99750,0.00645,0.00000,0.99355
13.70125,1.99750,0.00656,0.00000,0.99344
13.80125,1.99750,0.00668,0.00000,0.99332
13.90125,1.99750,0.00680,0.00000,0.99320
14.00125,1.99750,0.00692,0.00000,0.99308
14.10125,1.99750,0.00702,0.00000,0.99298
14.20125,1.99750,0.00712,0.00000,0.99288
14.30125,1.99750,0.00722,0.00000,0.99278
14.40125,1.99750,0.00732,0.00000,0.99268
14.50125,1.99750,0.00744,0.00000,0.99256
14.60125,1.99750,0.00758,0.00000,0.99242
14.70125,1.99750,0.00773,0.00000,0.99227
14.80125,1.99750,0.00788,0.00000,0.99212
14.90125,1.99750,0.00803,0.00000,0.99197
15.00125,1.99750,0.00819,0.00000,0.99181
15.10125,1.99750,0.00833,0.00000,0.99167
15.20125,1.99750,0.00847,0.00000,0.99153
15.30125,1.99750,0.00876,0.00000,0.99124
15.40125,1.99750,0.00920,0.00000,0.99080
15.50125,1.99750,0.00969,0.00000,0.99031
15.60125,1.99750,0.01018,0.00000,0.98982
15.70125,1.99750,0.01070,0.00000,0.98930
15.80125,1.99750,0.01129,0.00000,0.98871
15.90125,1.99750,0.01206,0.00000,0.98794
16.00125,1.99750,0.01302,0.00000,0.98698
16.10125,1.99750,0.01424,0.00000,0.98576
16.20125,1.99750,0.01574,0.00000,0.98426
16.30125,1.99750,0.01757,0.00000,0.98243
16.40125,1.99750,0.01984,0.00000,0.98016
16.50125,1.99750,0.02261,0.00000,0.97739
16.60125,1.99750,0.02600,0.00000,0.97400
16.70125,1.99750,0.03018,0.00000,0.96982
16.80125,1.99750,0.03520,0.00000,0.96480
16.90125,1.99750,0.04116,0.00000,0.95884
17.00125,1.99750,0.04837,0.00000,0.95163
17.10125,1.99750,0.05700,0.00000,0.94299
17.20125,1.99750,0.06679,0.00000,0.93320
17.30125,1.99750,0.07629,0.00001,0.92370
17.40125,1.99750,0.08490,0.00001,0.91509
17.50125,1.99750,0.09356,0.00002,0.90641
17.60125,1.99750,0.10199,0.00004,0.89797
17.70125,1.99750,0.10884,0.00006,0.89110
17.80125,1.99750,0.11555,0.00008,0.88437
17.90125,1.99750,0.12209,0.00011,0.87780
18.00125,1.99750,0.12806,0.00015,0.87179
18.10125,1.99750,0.13301,0.00018,0.86681
18.20125,1.99750,0.13658,0.00021,0.86321
18.30125,1.99750,0.13910,0.00023,0.86068
18.40125,1.99750,0.13999,0.00022,0.85979
18.50125,1.99750,0.14025,0.00021,0.85954
18.60125,1.99750,0.13939,0.00018,0.86043
18.70125,1.99750,0.13715,0.00015,0.86269
18.80125,1.99750,0.13458,0.00013,0.86529
18.90125,1.99750,0.13129,0.00011,0.86860
19.00125,1.99750,0.12732,0.00009,0.87260
19.10125,1.99750,0.12356,0.00007,0.87637
19.20125,1.99750,0.12220,0.00005,0.87775
19.30125,1.99750,0.11876,0.00004,0.88120
19.40125,1.99750,0.11425,0.00002,0.88573
19.50125,1.99750,0.10800,0.00001,0.89199
19.60125,1.99750,0.10102,0.00001,0.89897
19.70125,1.99750,0.09467,0.00001,0.90533
19.80125,1.99750,0.09057,0.00000,0.90942
19.90125,1.99750,0.08793,0.00000,0.91206
20.00125,1.99750,0.09031,0.00000,0.90968
20.10125,1.99750,0.09858,0.00000,0.90141
20.20125,1.99750,0.10798,0.00000,0.89202
20.30125,1.99750,0.11759,0.00001,0.88240
20.40125,1.99750,0.12825,0.00002,0.87174
20.50125,1.99750,0.14196,0.00003,0.85801
20.60125,1.99750,0.16361,0.00004,0.83635
20.70125,1.99750,0.19642,0.00006,0.80351
20.80125,1.99750,0.23944,0.00009,0.76048
20.90125,1.99750,0.28404,0.00010,0.71586
21.00125,1.99750,0.32934,0.00010,0.67056
21.10125,1.99750,0.37497,0.00009,0.62494
21.20125,1.99750,0.41466,0.00008,0.58525
21.30125,1.99750,0.45653,0.00008,0.54339
21.40125,1.99750,0.50639,0.00008,0.49353
21.50125,1.99750,0.56047,0.00009,0.43944
21.60125,1.99750,0.61628,0.00010,0.38363
21.70125,1.99750,0.66739,0.00011,0.33249
21.80125,1.99750,0.71628,0.00012,0.28359
21.90125,1.99750,0.75714,0.00012,0.24274
22.00125,1.99750,0.77954,0.00008,0.22038
22.10125,1.99750,0.78743,0.00004,0.21253
22.20125,1.99750,0.80157,0.00002,0.19841
22.30125,1.99750,0.80980,0.00001,0.19019
22.40125,1.99750,0.81742,0.00000,0.18257
22.50125,1.99750,0.82120,0.00000,0.17880
22.60125,1.99750,0.81554,0.00000,0.18446
22.70125,1.99750,0.80288,0.00000,0.19711
22.80125,1.99750,0.78726,0.00000,0.21274
22.90125,1.99750,0.77388,0.00000,0.22612
23.00125,1.99750,0.76283,0.00000,0.23717
23.10125,1.99750,0.75375,0.00000,0.24625
23.20125,1.99750,0.74646,0.00000,0.25354
23.30125,1.99750,0.74080,0.00000,0.25920
23.40125,1.99750,0.73641,0.00000,0.26359
23.50125,1.99750,0.73304,0.00000,0.26696
23.60125,1.99750,0.73042,0.00000,0.26958
23.70125,1.99750,0.72839,0.00000,0.27161
23.80125,1.99750,0.72681,0.00000,0.27319
23.90125,1.99750,0.72558,0.00000,0.27442
24.00125,1.99750,0.72460,0.00000,0.27540
24.10125,1.99750,0.72382,0.00000,0.27618
24.20125,1.99750,0.72320,0.00000,0.27680
24.30125,1.99750,0.72270,0.00000,0.27730
24.40125,1.99750,0.72229,0.00000,0.27771
24.50125,1.99750,0.72197,0.00000,0.27803
24.60125,1.99750,0.72171,0.00000,0.27829
24.70125,1.99750,0.72150,0.00000,0.27850
24.80125,1.99750,0.72133,0.00000,0.27867
24.90125,1.99750,0.72119,0.00000,0.27881
25.00125,1.99750,0.72109,0.00000,0.27891
25.10125,1.99750,0.72100,0.00000,0.27900
25.20125,1.99750,0.72092,0.00000,0.27908
25.30125,1.99750,0.72087,0.00000,0.27913
25.40125,1.99750,0.72082,0.00000,0.27918
25.50125,1.99750,0.72078,0.00000,0.27922
25.60125,1.99750,0.72075,0.00000,0.27925
25.70125,1.99750,0.72073,0.00000,0.27927
25.80125,1.99750,0.72071,0.00000,0.27929
25.90125,1.99750,0.72069,0.00000,0.27931
26.00125,1.99750,0.72068,0.00000,0.27932
26.10125,1.99750,0.72066,0.00000,0.27934
26.20125,1.99750,0.72065,0.00000,0.27935
26.30125,1.99750,0.72065,0.00000,0.27935
26.40125,1.99750,0.72064,0.00000,0.27936
26.50125,1.99750,0.72063,0.00000,0.27937
26.60125,1.99750,0.72062,0.00000,0.27938
26.70125,1.99750,0.72062,0.00000,0.27938
26.80125,1.99750,0.72061,0.00000,0.27939
26.90125,1.99750,0.72061,0.00000,0.27939
27.00125,1.99750,0.72060,0.00000,0.27940
27.10125,1.99750,0.72060,0.00000,0.27940
27.20125,1.99750,0.72060,0.00000,0.27940
27.30125,1.99750,0.72060,0.00000,0.27940
27.40125,1.99750,0.72060,0.00000,0.27940
27.50125,1.99750,0.72059,0.00000,0.27941
27.60125,1.99750,0.72059,0.00000,0.27941
27.70125,1.99750,0.72058,0.00000,0.27942
27.80125,1.99750,0.72058,0.00000,0.27942
27.90125,1.99750,0.72058,0.00000,0.27942
28.00125,1.99750,0.72058,0.00000,0.27942
28.10125,1.99750,0.72058,0.00000,0.27942
28.20125,1.99750,0.72058,0.00000,0.27942
28.30125,1.99750,0.72057,0.00000,0.27943
28.40125,1.99750,0.72057,0.00000,0.27943
28.50125,1.99750,0.72057,0.00000,0.27943
28.60125,1.99750,0.72057,0.00000,0.27943
28.70125,1.99750,0.72056,0.00000,0.27944
28.80125,1.99750,0.72056,0.00000,0.27944
28.90125,1.99750,0.72056,0.00000,0.27944
29.00125,1.99750,0.72056,0.00000,0.27944
29.10125,1.99750,0.72056,0.00000,0.27944
29.20125,1.99750,0.72056,0.00000,0.27944
29.30125,1.99750,0.72056,0.00000,0.27944
29.40125,1.99750,0.72056,0.00000,0.27944
29.50125,1.99750,0.72055,0.00000,0.27945
29.60125,1.99750,0.72055,0.00000,0.27945
29.70125,1.99750,0.72055,0.00000,0.27945
29.80125,1.99750,0.72055,0.00000,0.27945
29.90125,1.99750,0.72054,0.00000,0.27946
30.00125,1.99750,0.72054,0.00000,0.27946
30.10125,1.99750,0.72054,0.00000,0.27946
30.20125,1.99750,0.72054,0.00000,0.27946
30.30125,1.99750,0.72054,0.00000,0.27946
30.40125,1.99750,0.72055,0.00000,0.27945
30.50125,1.99750,0.72055,0.00000,0.27945
30.60125,1.99750,0.72055,0.00000,0.27945
30.70125,1.99750,0.72056,0.00000,0.27944
30.80125,1.99750,0.72056,0.00000,0.27944
30.90125,1.99750,0.72056,0.00000,0.27944
31.00125,1.99750,0.72056,0.00000,0.27944
31.10125,1.99750,0.72057,0.00000,0.27943
31.20125,1.99750,0.72057,0.00000,0.27943
31.30125,1.99750,0.72057,0.00000,0.27943
31.40125,1.99750,0.72057,0.00000,0.27943
31.50125,1.99750,0.72058,0.00000,0.27942
31.60125,1.99750,0.72058,0.00000,0.27942
31.70125,1.99750,0.72058,0.00000,0.27942
31.80125,1.99750,0.72058,0.00000,0.27942
31.90125,1.99750,0.72058,0.00000,0.27942
32.00125,1.99750,0.72058,0.00000,0.27942
32.10125,1.99750,0.72058,0.00000,0.27942
32.20125,1.99750,0.72058,0.00000,0.27942
32.30125,1.99750,0.72058,0.00000,0.27942
32.40125,1.99750,0.72058,0.00000,0.27942
32.50125,1.99750,0.72058,0.00000,0.27942
32.60125,1.99750,0.72058,0.00000,0.27942
32.70125,1.99750,0.72058,0.00000,0.27942
32.80125,1.99750,0.72058,0.00000,0.27942
32.90125,1.99750,0.72058,0.00000,0.27942
33.00125,1.99750,0.72057,0.00000,0.27943
33.10125,1.99750,0.72057,0.00000,0.27943
33.20125,1.99750,0.72057,0.00000,0.27943
33.30125,1.99750,0.72057,0.00000,0.27943
33.40125,1.99750,0.72057,0.00000,0.27943
33.50125,1.99750,0.72057,0.00000,0.27943
33.60125,1.99750,0.72057,0.00000,0.27943
33.70125,1.99750,0.72057,0.00000,0.27943
33.80125,1.99750,0.72057,0.00000,0.27943
33.90125,1.99750,0.72057,0.00000,0.27943
34.00125,1.99750,0.72057,0.00000,0.27943
34.10125,1.99750,0.72057,0.00000,0.27943
34.20125,1.99750,0.72057,0.00000,0.27943
34.30125,1.99750,0.72058,0.00000,0.27942
34.40125,1.99750,0.72058,0.00000,0.27942
34.50125,1.99750,0.72058,0.00000,0.27942
34.60125,1.99750,0.72058,0.00000,0.27942
34.70125,1.99750,0.72058,0.00000,0.27942
34.80125,1.99750,0.72058,0.00000,0.27942
34.90125,1.99750,0.72058,0.00000,0.27942
35.00125,1.99750,0.72058,0.00000,0.27942
35.10125,1.99750,0.72058,0.00000,0.27942
35.20125,1.99750,0.72058,0.00000,0.27942
35.30125,1.99750,0.72058,0.00000,0.27942
35.40125,1.99750,0.72058,0.00000,0.27942
35.50125,1.99750,0.72058,0.00000,0.27942
35.60125,1.99750,0.72058,0.00000,0.27942
35.70125,1.99750,0.72058,0.00000,0.27942
35.80125,1.99750,0.72058,0.00000,0.27942
35.90125,1.99750,0.72058,0.00000,0.27942
36.00125,1.99750,0.72058,0.00000,0.27942
36.10125,1.99750,0.72058,0.00000,0.27942
36.20125,1.99750,0.72058,0.00000,0.27942
36.30125,1.99750,0.72058,0.00000,0.27942
36.40125,1.99750,0.72057,0.00000,0.27942
36.50125,1.99750,0.72057,0.00000,0.27943
36.60125,1.99750,0.72057,0.00000,0.27943
36.70125,1.99750,0.72057,0.00000,0.27943
36.80125,1.99750,0.72057,0.00000,0.27943
36.90125,1.99750,0.72057,0.00000,0.27943
37.00125,1.99750,0.72011,0.00000,0.27989
37.10125,1.99750,0.72948,0.00000,0.27052
37.20125,1.99750,0.73782,0.00000,0.26218
37.30125,1.99750,0.74340,0.00000,0.25660
37.40125,1.99750,0.73616,0.00000,0.26384
37.50125,1.99750,0.71628,0.00000,0.28372
37.60125,1.99750,0.68499,0.00000,0.31501
37.70125,1.99750,0.64065,0.00000,0.35935
37.80125,1.99750,0.58247,0.00000,0.41753
37.90125,1.99750,0.52234,0.00000,0.47766
38.00125,1.99750,0.49273,0.00000,0.50727
38.10125,1.99750,0.48236,0.00000,0.51764
38.20125,1.99750,0.48878,0.00000,0.51122
38.30125,1.99750,0.50341,0.00000,0.49659
38.40125,1.99750,0.51938,0.00000,0.48062
38.50125,1.99750,0.53424,0.00000,0.46576
38.60125,1.99750,0.54665,0.00000,0.45335
38.70125,1.99750,0.55668,0.00000,0.44332
38.80125,1.99750,0.56427,0.00000,0.43573
38.90125,1.99750,0.56994,0.00000,0.43006
39.00125,1.99750,0.57637,0.00000,0.42363
39.10125,1.99750,0.56385,0.00000,0.43615
39.20125,1.99750,0.55667,0.00000,0.44333
39.30125,1.99750,0.55315,0.00000,0.44685
39.40125,1.99750,0.56917,0.00000,0.43083
39.50125,1.99750,0.59746,0.00000,0.40254
39.60125,1.99750,0.63464,0.00000,0.36536
39.70125,1.99750,0.68146,0.00000,0.31854
39.80125,1.99750,0.73409,0.00000,0.26591
39.90125,1.99750,0.77565,0.00000,0.22435
40.00125,1.99750,0.79291,0.00000,0.20709
40.10125,1.99750,0.79499,0.00000,0.20501
40.20125,1.99750,0.79045,0.00000,0.20955
40.30125,1.99750,0.78142,0.00000,0.21858
40.40125,1.99750,0.77082,0.00000,0.22918
40.50125,1.99750,0.76079,0.00000,0.23921
40.60125,1.99750,0.75216,0.00000,0.24784
40.70125,1.99750,0.74518,0.00000,0.25482
40.80125,1.99750,0.73968,0.00000,0.26032
40.90125,1.99750,0.73533,0.00000,0.26467
41.00125,1.99750,0.73191,0.00000,0.26809
41.10125,1.99750,0.72932,0.00000,0.27068
41.20125,1.99750,0.72736,0.00000,0.27264
41.30125,1.99750,0.72587,0.00000,0.27413
41.40125,1.99750,0.72880,0.00000,0.27120
41.50125,1.99750,0.74115,0.00000,0.25885
41.60125,1.99750,0.74835,0.00000,0.25165
41.70125,1.99750,0.74647,0.00000,0.25353
41.80125,1.99750,0.74359,0.00000,0.25641
41.90125,1.99750,0.74066,0.00000,0.25934
42.00125,1.99750,0.73337,0.00000,0.26663
42.10125,1.99750,0.72436,0.00001,0.27563
42.20125,1.99750,0.71675,0.00001,0.28323
42.30125,1.99750,0.71042,0.00003,0.28955
42.40125,1.99750,0.70828,0.00008,0.29164
42.50125,1.99750,0.70723,0.00019,0.29258
42.60125,1.99750,0.70711,0.00041,0.29249
42.70125,1.99750,0.70472,0.00077,0.29452
42.80125,1.99750,0.69941,0.00130,0.29928
42.90125,1.99750,0.69118,0.00204,0.30678
43.00125,1.99750,0.68031,0.00297,0.31672
43.10125,1.99750,0.66720,0.00410,0.32870
43.20125,1.99750,0.65226,0.00543,0.34231
43.30125,1.99750,0.63527,0.00700,0.35773
43.40125,1.99750,0.61161,0.00672,0.38167
43.50125,1.99750,0.57925,0.00416,0.41659
43.60125,1.99750,0.55762,0.00220,0.44018
43.70125,1.99750,0.54521,0.00128,0.45351
43.80125,1.99750,0.54358,0.00091,0.45551
43.90125,1.99750,0.54980,0.00080,0.44940
44.00125,1.99750,0.56491,0.00080,0.43429
44.10125,1.99750,0.57317,0.00080,0.42604
44.20125,1.99750,0.57513,0.00081,0.42406
44.30125,1.99750,0.56623,0.00089,0.43287
44.40125,1.99750,0.55440,0.00103,0.44457
44.50125,1.99750,0.54001,0.00124,0.45874
44.60125,1.99750,0.52452,0.00165,0.47383
44.70125,1.99750,0.51142,0.00248,0.48610
44.80125,1.99750,0.50107,0.00413,0.49480
44.90125,1.99750,0.49340,0.00747,0.49913
45.00125,1.99750,0.48671,0.01449,0.49880
45.10125,1.99750,0.47912,0.02941,0.49147
45.20125,1.99750,0.46567,0.06143,0.47289
45.30125,1.99750,0.43575,0.12745,0.43680
45.40125,1.99750,0.37787,0.25032,0.37181
45.50125,1.99750,0.28855,0.43527,0.27619
45.60125,1.99750,0.18855,0.63709,0.17436
45.70125,1.99750,0.11980,0.77161,0.10859
45.80125,1.99750,0.08376,0.83911,0.07713
45.90125,1.99750,0.07006,0.86267,0.06727
46.00125,1.99750,0.06403,0.87213,0.06384
46.10125,1.99750,0.06054,0.87850,0.06096
46.20125,1.99750,0.06192,0.87763,0.06044
46.30125,1.99750,0.06860,0.86788,0.06352
46.40125,1.99750,0.07824,0.85327,0.06849
46.50125,1.99750,0.08963,0.83640,0.07396
46.60125,1.99750,0.10298,0.81711,0.07991
46.70125,1.99750,0.11797,0.79573,0.08630
46.80125,1.99750,0.13489,0.77211,0.09300
46.90125,1.99750,0.15380,0.74641,0.09979
47.00125,1.99750,0.17403,0.71958,0.10639
47.10125,1.99750,0.19556,0.69096,0.11348
47.20125,1.99750,0.21567,0.66476,0.11957
47.30125,1.99750,0.23584,0.63868,0.12548
47.40125,1.99750,0.25120,0.61885,0.12995
47.50125,1.99750,0.26138,0.60638,0.13223
47.60125,1.99750,0.26678,0.59984,0.13338
47.70125,1.99750,0.26792,0.59821,0.13387
47.80125,1.99750,0.26679,0.59899,0.13422
47.90125,1.99750,0.25835,0.60856,0.13309
48.00125,1.99750,0.24996,0.61832,0.13171
48.10125,1.99750,0.23326,0.63783,0.12891
48.20125,1.99750,0.21378,0.66330,0.12291
48.30125,1.99750,0.20776,0.66748,0.12476
48.40125,1.99750,0.21232,0.65877,0.12891
48.50125,1.99750,0.21268,0.65326,0.13406
48.60125,1.99750,0.20894,0.65526,0.13580
48.70125,1.99750,0.20921,0.65153,0.13927
48.80125,1.99750,0.20878,0.64874,0.14248
48.90125,1.99750,0.20810,0.64618,0.14572
49.00125,1.99750,0.20479,0.64690,0.14831
49.10125,1.99750,0.20503,0.64083,0.15414
49.20125,1.99750,0.21299,0.62535,0.16167
49.30125,1.99750,0.23302,0.59947,0.16751
49.40125,1.99750,0.27701,0.54669,0.17629
49.50125,1.99750,0.34939,0.45649,0.19411
49.60125,1.99750,0.44268,0.33866,0.21865
49.70125,1.99750,0.54031,0.21910,0.24059
49.80125,1.99750,0.62379,0.12319,0.25303
49.90125,1.99750,0.68543,0.06074,0.25383
50.00125,1.99750,0.72544,0.02741,0.24715
50.10125,1.99750,0.75140,0.01137,0.23723
50.20125,1.99750,0.76956,0.00462,0.22581
50.30125,1.99750,0.78190,0.00208,0.21602
50.40125,1.99750,0.78662,0.00094,0.21244
50.50125,1.99750,0.79386,0.00042,0.20573
50.60125,1.99750,0.79979,0.00018,0.20004
50.70125,1.99750,0.80446,0.00008,0.19546
50.80125,1.99750,0.80821,0.00003,0.19176
50.90125,1.99750,0.81184,0.00001,0.18815
51.00125,1.99750,0.81823,0.00001,0.18177
51.10125,1.99750,0.82216,0.00000,0.17784
51.20125,1.99750,0.82157,0.00000,0.17843
51.30125,1.99750,0.81432,0.00000,0.18568
51.40125,1.99750,0.80002,0.00000,0.19998
51.50125,1.99750,0.78499,0.00000,0.21501
51.60125,1.99750,0.77210,0.00000,0.22790
51.70125,1.99750,0.76158,0.00000,0.23842
51.80125,1.99750,0.75308,0.00000,0.24692
51.90125,1.99750,0.74632,0.00000,0.25368
52.00125,1.99750,0.74095,0.00000,0.25905
52.10125,1.99750,0.73670,0.00000,0.26330
52.20125,1.99750,0.73336,0.00000,0.26664
52.30125,1.99750,0.73072,0.00000,0.26928
52.40125,1.99750,0.72865,0.00000,0.27135
52.50125,1.99750,0.72702,0.00000,0.27298
52.60125,1.99750,0.72573,0.00000,0.27427
52.70125,1.99750,0.72470,0.00000,0.27530
52.80125,1.99750,0.72387,0.00000,0.27613
52.90125,1.99750,0.72320,0.00000,0.27680
53.00125,1.99750,0.72267,0.00000,0.27733
53.10125,1.99750,0.72225,0.00000,0.27775
53.20125,1.99750,0.72191,0.00000,0.27809
53.30125,1.99750,0.72164,0.00000,0.27836
53.40125,1.99750,0.72142,0.00000,0.27858
53.50125,1.99750,0.72125,0.00000,0.27875
53.60125,1.99750,0.72111,0.00000,0.27889
53.70125,1.99750,0.72100,0.00000,0.27900
53.80125,1.99750,0.72091,0.00000,0.27909
53.90125,1.99750,0.72084,0.00000,0.27916
54.00125,1.99750,0.72078,0.00000,0.27922
54.10125,1.99750,0.72074,0.00000,0.27926
54.20125,1.99750,0.72070,0.00000,0.27930
54.30125,1.99750,0.72067,0.00000,0.27933
54.40125,1.99750,0.72065,0.00000,0.27935
54.50125,1.99750,0.72064,0.00000,0.27936
54.60125,1.99750,0.72062,0.00000,0.27937
54.70125,1.99750,0.72061,0.00000,0.27939
54.80125,1.99750,0.72060,0.00000,0.27940
54.90125,1.99750,0.72059,0.00000,0.27941
55.00125,1.99750,0.72059,0.00000,0.27941
55.10125,1.99750,0.72058,0.00000,0.27942
55.20125,1.99750,0.72058,0.00000,0.27942
55.30125,1.99750,0.72058,0.00000,0.27942
55.40125,1.99750,0.72058,0.00000,0.27942
55.50125,1.99750,0.72058,0.00000,0.27942
55.60125,1.99750,0.72058,0.00000,0.27942
55.70125,1.99750,0.72058,0.00000,0.27942
55.80125,1.99750,0.72058,0.00000,0.27942
55.90125,1.99750,0.72058,0.00000,0.27942
56.00125,1.99750,0.72058,0.00000,0.27942
56.10125,1.99750,0.72058,0.00000,0.27942
56.20125,1.99750,0.72058,0.00000,0.27942
56.30125,1.99750,0.72059,0.00000,0.27941
56.40125,1.99750,0.72059,0.00000,0.27941
56.50125,1.99750,0.71821,0.00000,0.28179
56.60125,1.99750,0.72532,0.00000,0.27468
56.70125,1.99750,0.73347,0.00000,0.26653
56.80125,1.99750,0.72886,0.00000,0.27114
56.90125,1.99750,0.70996,0.00000,0.29004
57.00125,1.99750,0.67852,0.00000,0.32148
57.10125,1.99750,0.63444,0.00000,0.36556
57.20125,1.99750,0.57960,0.00000,0.42040
57.30125,1.99750,0.51578,0.00000,0.48422
57.40125,1.99750,0.44518,0.00000,0.55482
57.50125,1.99750,0.37170,0.00000,0.62830
57.60125,1.99750,0.32342,0.00000,0.67658
57.70125,1.99750,0.29833,0.00000,0.70167
57.80125,1.99750,0.28945,0.00000,0.71055
57.90125,1.99750,0.29601,0.00000,0.70399
58.00125,1.99750,0.30966,0.00000,0.69034
58.10125,1.99750,0.32447,0.00000,0.67553
58.20125,1.99750,0.33847,0.00000,0.66153
58.30125,1.99750,0.34369,0.00000,0.65631
58.40125,1.99750,0.33215,0.00000,0.66785
58.50125,1.99750,0.33130,0.00000,0.66870
58.60125,1.99750,0.32895,0.00000,0.67105
58.70125,1.99750,0.33658,0.00000,0.66342
58.80125,1.99750,0.35831,0.00000,0.64169
58.90125,1.99750,0.39282,0.00000,0.60718
59.00125,1.99750,0.43883,0.00000,0.56117
59.10125,1.99750,0.49478,0.00000,0.50522
59.20125,1.99750,0.55722,0.00000,0.44278
59.30125,1.99750,0.62370,0.00000,0.37630
59.40125,1.99750,0.69105,0.00000,0.30895
59.50125,1.99750,0.75586,0.00000,0.24414
59.60125,1.99750,0.79284,0.00000,0.20716
59.70125,1.99750,0.81332,0.00000,0.18668
59.80125,1.99750,0.81816,0.00000,0.18184
59.90125,1.99750,0.81122,0.00000,0.18878
60.00125,1.99750,0.80157,0.00000,0.19843
60.10125,1.99750,0.79013,0.00000,0.20987
60.20125,1.99750,0.78372,0.00000,0.21628
60.30125,1.99750,0.78274,0.00000,0.21726
60.40125,1.99750,0.79340,0.00000,0.20660
60.50125,1.99750,0.79133,0.00000,0.20867
60.60125,1.99750,0.78116,0.00000,0.21884
60.70125,1.99750,0.77552,0.00000,0.22448
60.80125,1.99750,0.77502,0.00000,0.22498
60.90125,1.99750,0.76210,0.00000,0.23790
61.00125,1.99750,0.73860,0.00000,0.26140
61.10125,1.99750,0.70726,0.00000,0.29274
61.20125,1.99750,0.66677,0.00000,0.33323
61.30125,1.99750,0.61765,0.00000,0.38235
61.40125,1.99750,0.55992,0.00000,0.44008
61.50125,1.99750,0.49418,0.00000,0.50582
61.60125,1.99750,0.42495,0.00000,0.57505
61.70125,1.99750,0.35476,0.00000,0.64524
61.80125,1.99750,0.28677,0.00000,0.71323
61.90125,1.99750,0.22429,0.00000,0.77571
62.00125,1.99750,0.17016,0.00000,0.82984
62.10125,1.99750,0.12545,0.00000,0.87455
62.20125,1.99751,0.09032,0.00000,0.90968
62.30125,1.99750,0.06367,0.00000,0.93633
62.40125,1.99750,0.04410,0.00000,0.95590
62.50125,1.99750,0.03019,0.00000,0.96981
62.60125,1.99750,0.02034,0.00000,0.97966
62.70125,1.99751,0.01301,0.00000,0.98699
62.80125,1.99750,0.00836,0.00000,0.99164
62.90125,1.99750,0.00575,0.00000,0.99425
63.00125,1.99750,0.00415,0.00000,0.99585
63.10125,1.99750,0.00313,0.00000,0.99687
63.20125,1.99751,0.00244,0.00000,0.99756
63.30125,1.99750,0.00195,0.00000,0.99805
63.40125,1.99750,0.00160,0.00000,0.99840
63.50125,1.99750,0.00134,0.00000,0.99866
63.60125,1.99750,0.00114,0.00000,0.99886
63.70125,1.99751,0.00099,0.00000,0.99901
63.80125,1.99750,0.00087,0.00000,0.99913
63.90125,1.99750,0.00078,0.00000,0.99922
64.00125,1.99750,0.00071,0.00000,0.99929
64.10125,1.99750,0.00066,0.00000,0.99934
64.20125,1.99751,0.00061,0.00000,0.99939
64.30125,1.99751,0.00058,0.00000,0.99942
64.40125,1.99750,0.00055,0.00000,0.99945
64.50125,1.99750,0.00053,0.00000,0.99947
64.60125,1.99750,0.00051,0.00000,0.99949
64.70125,1.99751,0.00050,0.00000,0.99950
64.80125,1.99751,0.00049,0.00000,0.99951
64.90125,1.99750,0.00049,0.00000,0.99951
65.00125,1.99750,0.00049,0.00000,0.99951
65.10125,1.99750,0.00050,0.00000,0.99950
65.20125,1.99751,0.00052,0.00000,0.99948
65.30125,1.99751,0.00057,0.00000,0.99943
65.40125,1.99750,0.00063,0.00000,0.99937
65.50125,1.99750,0.00069,0.00000,0.99931
65.60125,1.99750,0.00077,0.00000,0.99923
65.70125,1.99751,0.00086,0.00000,0.99914
65.80125,1.99751,0.00094,0.00000,0.99906
65.90125,1.99750,0.00101,0.00000,0.99899
66.00125,1.99750,0.00106,0.00000,0.99894
66.10125,1.99750,0.00111,0.00000,0.99889
66.20125,1.99751,0.00116,0.00000,0.99885
66.30125,1.99751,0.00120,0.00000,0.99880
66.40125,1.99750,0.00124,0.00000,0.99876
66.50125,1.99750,0.00128,0.00000,0.99872
66.60125,1.99750,0.00131,0.00000,0.99869
66.70125,1.99751,0.00133,0.00000,0.99867
66.80125,1.99751,0.00136,0.00000,0.99864
66.90125,1.99750,0.00136,0.00000,0.99864
67.00125,1.99750,0.00165,0.00000,0.99835
67.10125,1.99750,0.00220,0.00000,0.99780
67.20125,1.99751,0.00306,0.00000,0.99694
67.30125,1.99751,0.00440,0.00000,0.99560
67.40125,1.99750,0.00657,0.00000,0.99343
67.50125,1.99750,0.00978,0.00000,0.99022
67.60125,1.99750,0.01457,0.00000,0.98543
67.70125,1.99751,0.02159,0.00000,0.97841
67.80125,1.99751,0.03188,0.00000,0.96812
67.90125,1.99750,0.04716,0.00000,0.95284
68.00125,1.99750,0.06993,0.00000,0.93007
68.10125,1.99750,0.10427,0.00000,0.89573
68.20125,1.99751,0.14615,0.00000,0.85385
68.30125,1.99751,0.18880,0.00000,0.81120
68.40125,1.99750,0.23269,0.00000,0.76731
68.50125,1.99750,0.27546,0.00000,0.72454
68.60125,1.99750,0.34099,0.00000,0.65901
68.70125,1.99751,0.43049,0.00000,0.56951
68.80125,1.99751,0.54031,0.00000,0.45969
68.90125,1.99750,0.64964,0.00000,0.35036
69.00125,1.99750,0.71504,0.00001,0.28495
69.10125,1.99750,0.75048,0.00001,0.24951
69.20125,1.99751,0.76464,0.00001,0.23536
69.30125,1.99751,0.76646,0.00000,0.23354
69.40125,1.99750,0.76124,0.00000,0.23876
69.50125,1.99750,0.75326,0.00000,0.24674
69.60125,1.99750,0.74456,0.00000,0.25544
69.70125,1.99751,0.73740,0.00000,0.26260
69.80125,1.99751,0.73155,0.00000,0.26845
69.90125,1.99750,0.72570,0.00000,0.27430
70.00125,1.99750,0.71546,0.00000,0.28454
70.10125,1.99750,0.70913,0.00000,0.29087
70.20125,1.99751,0.71800,0.00000,0.28200
70.30125,1.99751,0.73760,0.00000,0.26240
70.40125,1.99750,0.76407,0.00000,0.23593
70.50125,1.99750,0.79723,0.00000,0.20277
70.60125,1.99750,0.81101,0.00000,0.18899
70.70125,1.99751,0.81271,0.00000,0.18729
70.80125,1.99751,0.80492,0.00000,0.19508
70.90125,1.99750,0.79418,0.00000,0.20582
71.00125,1.99750,0.78145,0.00000,0.21855
71.10125,1.99750,0.76922,0.00000,0.23078
71.20125,1.99751,0.75921,0.00000,0.24079
71.30125,1.99751,0.75116,0.00000,0.24884
71.40125,1.99750,0.74466,0.00000,0.25534
71.50125,1.99750,0.73936,0.00000,0.26065
71.60125,1.99750,0.73514,0.00000,0.26486
71.70125,1.99751,0.73178,0.00000,0.26822
71.80125,1.99751,0.72919,0.00000,0.27081
71.90125,1.99750,0.72723,0.00000,0.27277
72.00125,1.99750,0.72578,0.00000,0.27422
72.10125,1.99750,0.72471,0.00000,0.27529
72.20125,1.99751,0.72390,0.00000,0.27610
72.30125,1.99751,0.72324,0.00000,0.27676
72.40125,1.99750,0.72271,0.00000,0.27729
72.50125,1.99750,0.72229,0.00000,0.27771
72.60125,1.99750,0.72195,0.00000,0.27805
72.70125,1.99751,0.72168,0.00000,0.27832
72.80125,1.99751,0.72146,0.00000,0.27854
72.90125,1.99750,0.72129,0.00000,0.27871
73.00125,1.99750,0.72115,0.00000,0.27885
73.10125,1.99750,0.72105,0.00000,0.27895
73.20125,1.99751,0.72096,0.00000,0.27904
73.30125,1.99751,0.72089,0.00000,0.27911
73.40125,1.99750,0.72084,0.00000,0.27916
73.50125,1.99750,0.72080,0.00000,0.27920
73.60125,1.99750,0.72076,0.00000,0.27924
73.70125,1.99751,0.72073,0.00000,0.27927
73.80125,1.99751,0.72070,0.00000,0.27930
73.90125,1.99750,0.72068,0.00000,0.27932
74.00125,1.99750,0.72066,0.00000,0.27934
74.10125,1.99750,0.72065,0.00000,0.27935
74.20125,1.99751,0.72064,0.00000,0.27936
74.30125,1.99751,0.72064,0.00000,0.27936
74.40125,1.99750,0.72063,0.00000,0.27937
74.50125,1.99750,0.72063,0.00000,0.27937
74.60125,1.99750,0.72063,0.00000,0.27937
74.70125,1.99751,0.72063,0.00000,0.27937
74.80125,1.99751,0.72063,0.00000,0.27937
74.90125,1.99750,0.72063,0.00000,0.27937
75.00125,1.99750,0.72063,0.00000,0.27937
75.10125,1.99750,0.72063,0.00000,0.27937
75.20125,1.99751,0.72062,0.00000,0.27938
75.30125,1.99751,0.72062,0.00000,0.27938
75.40125,1.99750,0.72062,0.00000,0.27938
75.50125,1.99750,0.72061,0.00000,0.27939
75.60125,1.99750,0.72061,0.00000,0.27939
75.70125,1.99751,0.72061,0.00000,0.27939
75.80125,1.99751,0.72061,0.00000,0.27939
75.90125,1.99750,0.72070,0.00000,0.27930
76.00125,1.99750,0.73009,0.00000,0.26991
76.10125,1.99750,0.72604,0.00000,0.27396
76.20125,1.99751,0.72407,0.00000,0.27593
76.30125,1.99751,0.71417,0.00000,0.28583
76.40125,1.99750,0.70888,0.00000,0.29112
76.50125,1.99750,0.70590,0.00000,0.29410
76.60125,1.99750,0.70582,0.00001,0.29418
76.70125,1.99751,0.70546,0.00001,0.29453
76.80125,1.99751,0.70348,0.00002,0.29650
76.90125,1.99750,0.69822,0.00003,0.30174
77.00125,1.99750,0.69026,0.00005,0.30969
77.10125,1.99750,0.67970,0.00008,0.32022
77.20125,1.99751,0.66715,0.00011,0.33274
77.30125,1.99751,0.65286,0.00014,0.34699
77.40125,1.99750,0.63707,0.00018,0.36275
77.50125,1.99750,0.61998,0.00023,0.37979
77.60125,1.99750,0.60177,0.00028,0.39795
77.70125,1.99751,0.58261,0.00033,0.41705
77.80125,1.99751,0.56268,0.00039,0.43693
77.90125,1.99750,0.54309,0.00046,0.45646
78.00125,1.99750,0.51285,0.00023,0.48692
78.10125,1.99750,0.49477,0.00011,0.50512
78.20125,1.99751,0.47800,0.00005,0.52195
78.30125,1.99751,0.47024,0.00002,0.52973
78.40125,1.99750,0.45496,0.00001,0.54503
78.50125,1.99750,0.43585,0.00000,0.56415
78.60125,1.99750,0.41817,0.00000,0.58183
78.70125,1.99751,0.41638,0.00000,0.58362
78.80125,1.99751,0.40602,0.00000,0.59398
78.90125,1.99750,0.40799,0.00001,0.59200
79.00125,1.99750,0.41247,0.00001,0.58752
79.10125,1.99750,0.41554,0.00001,0.58444
79.20125,1.99751,0.42502,0.00003,0.57496
79.30125,1.99751,0.43473,0.00005,0.56522
79.40125,1.99750,0.45206,0.00008,0.54785
79.50125,1.99750,0.48688,0.00015,0.51297
79.60125,1.99750,0.52880,0.00025,0.47095
79.70125,1.99751,0.56962,0.00037,0.43001
79.80125,1.99751,0.60632,0.00049,0.39319
79.90125,1.99750,0.63844,0.00060,0.36095
80.00125,1.99750,0.66722,0.00069,0.33209
80.10125,1.99750,0.69046,0.00118,0.30836
80.20125,1.99751,0.70681,0.00246,0.29073
80.30125,1.99751,0.71739,0.00524,0.27737
80.40125,1.99750,0.72598,0.01112,0.26290
80.50125,1.99750,0.72935,0.02329,0.24736
80.60125,1.99750,0.72912,0.03921,0.23167
80.70125,1.99751,0.73500,0.03887,0.22613
80.80125,1.99751,0.75411,0.03454,0.21134
80.90125,1.99750,0.77790,0.02792,0.19418
81.00125,1.99750,0.80066,0.02006,0.17929
81.10125,1.99750,0.82002,0.01277,0.16721
81.20125,1.99751,0.83473,0.00749,0.15778
81.30125,1.99751,0.84396,0.00416,0.15188
81.40125,1.99750,0.84611,0.00228,0.15162
81.50125,1.99750,0.84187,0.00129,0.15683
81.60125,1.99750,0.83387,0.00078,0.16535
81.70125,1.99751,0.82460,0.00051,0.17488
81.80125,1.99751,0.81673,0.00037,0.18290
81.90125,1.99750,0.81022,0.00028,0.18950
82.00125,1.99750,0.80395,0.00024,0.19581
82.10125,1.99750,0.80298,0.00011,0.19691
82.20125,1.99751,0.80450,0.00005,0.19546
82.30125,1.99751,0.80966,0.00002,0.19032
82.40125,1.99750,0.81283,0.00001,0.18716
82.50125,1.99750,0.81811,0.00000,0.18188
82.60125,1.99750,0.82092,0.00000,0.17908
82.70125,1.99751,0.81601,0.00000,0.18399
82.80125,1.99751,0.80465,0.00000,0.19535
82.90125,1.99750,0.78997,0.00000,0.21003
83.00125,1.99750,0.77638,0.00000,0.22362
83.10125,1.99750,0.76522,0.00000,0.23478
83.20125,1.99751,0.75614,0.00000,0.24386
83.30125,1.99751,0.74882,0.00000,0.25118
83.40125,1.99750,0.74296,0.00000,0.25704
83.50125,1.99750,0.73832,0.00000,0.26168
83.60125,1.99750,0.73465,0.00000,0.26535
83.70125,1.99751,0.73730,0.00000,0.26270
83.80125,1.99751,0.73657,0.00000,0.26343
83.90125,1.99750,0.73170,0.00000,0.26830
84.00125,1.99750,0.72260,0.00000,0.27740
84.10125,1.99750,0.71568,0.00000,0.28432
84.20125,1.99751,0.71149,0.00000,0.28851
84.30125,1.99751,0.69775,0.00000,0.30224
84.40125,1.99750,0.69255,0.00001,0.30744
84.50125,1.99750,0.68556,0.00003,0.31441
84.60125,1.99750,0.67988,0.00006,0.32006
84.70125,1.99751,0.68622,0.00014,0.31364
84.80125,1.99751,0.70371,0.00030,0.29600
84.90125,1.99750,0.72362,0.00055,0.27583
85.00125,1.99750,0.73911,0.00091,0.25998
85.10125,1.99750,0.74452,0.00188,0.25361
85.20125,1.99751,0.73718,0.00454,0.25828
85.30125,1.99751,0.72545,0.01136,0.26319
85.40125,1.99750,0.70544,0.02762,0.26694
85.50125,1.99750,0.67493,0.06436,0.26071
85.60125,1.99750,0.61204,0.14792,0.24004
85.70125,1.99751,0.55863,0.19801,0.24336
85.80125,1.99751,0.55599,0.20216,0.24185
85.90125,1.99750,0.55711,0.19812,0.24477
86.00125,1.99750,0.56361,0.19547,0.24092
86.10125,1.99750,0.56299,0.19869,0.23832
86.20125,1.99751,0.55959,0.19967,0.24074
86.30125,1.99751,0.56194,0.19723,0.24083
86.40125,1.99750,0.56274,0.19597,0.24129
86.50125,1.99750,0.56287,0.19597,0.24116
86.60125,1.99750,0.55474,0.20072,0.24454
86.70125,1.99751,0.53038,0.21468,0.25494
86.80125,1.99751,0.49342,0.24084,0.26574
86.90125,1.99750,0.43392,0.29828,0.26780
87.00125,1.99750,0.36629,0.38348,0.25023
87.10125,1.99750,0.35428,0.39736,0.24836
87.20125,1.99751,0.36692,0.38514,0.24794
87.30125,1.99751,0.40722,0.34957,0.24320
87.40125,1.99750,0.45866,0.30198,0.23936
87.50125,1.99750,0.52174,0.23310,0.24515
87.60125,1.99750,0.58281,0.16953,0.24765
87.70125,1.99751,0.64363,0.10952,0.24685
87.80125,1.99751,0.69036,0.06497,0.24467
87.90125,1.99750,0.72309,0.03614,0.24077
88.00125,1.99750,0.74585,0.01833,0.23582
88.10125,1.99750,0.76548,0.00868,0.22584
88.20125,1.99751,0.77824,0.00404,0.21772
88.30125,1.99751,0.78645,0.00181,0.21174
88.40125,1.99750,0.79502,0.00081,0.20417
88.50125,1.99750,0.80048,0.00036,0.19917
88.60125,1.99750,0.80787,0.00015,0.19198
88.70125,1.99751,0.81541,0.00006,0.18453
88.80125,1.99751,0.81999,0.00003,0.17998
88.90125,1.99750,0.82533,0.00001,0.17466
89.00125,1.99750,0.82948,0.00000,0.17052
89.10125,1.99750,0.83130,0.00000,0.16870
89.20125,1.99751,0.82621,0.00000,0.17379
89.30125,1.99751,0.81535,0.00000,0.18465
89.40125,1.99750,0.80166,0.00000,0.19834
89.50125,1.99750,0.78793,0.00000,0.21207
89.60125,1.99750,0.77427,0.00000,0.22573
89.70125,1.99751,0.76788,0.00000,0.23212
89.80125,1.99751,0.76601,0.00000,0.23399
89.90125,1.99750,0.75572,0.00000,0.24428
90.00125,1.99750,0.73399,0.00000,0.26601
90.10125,1.99750,0.71449,0.00000,0.28551
90.20125,1.99751,0.70942,0.00000,0.29058
90.30125,1.99751,0.71579,0.00000,0.28421
90.40125,1.99750,0.72515,0.00000,0.27485
90.50125,1.99750,0.72298,0.00000,0.27702
90.60125,1.99750,0.72411,0.00000,0.27589
90.70125,1.99751,0.73113,0.00000,0.26887
90.80125,1.99751,0.74172,0.00000,0.25828
90.90125,1.99750,0.75160,0.00000,0.24840
91.00125,1.99750,0.75938,0.00000,0.24062
91.10125,1.99750,0.76560,0.00000,0.23440
91.20125,1.99751,0.77022,0.00000,0.22978
91.30125,1.99751,0.77375,0.00000,0.22625
91.40125,1.99750,0.77666,0.00000,0.22334
91.50125,1.99750,0.77905,0.00000,0.22095
91.60125,1.99750,0.78247,0.00000,0.21753
91.70125,1.99751,0.77357,0.00000,0.22643
91.80125,1.99751,0.76710,0.00000,0.23290
91.90125,1.99750,0.77483,0.00000,0.22517
92.00125,1.99750,0.79169,0.00000,0.20831
92.10125,1.99750,0.80247,0.00000,0.19753
92.20125,1.99751,0.80033,0.00000,0.19967
92.30125,1.99751,0.79484,0.00000,0.20516
92.40125,1.99750,0.78676,0.00000,0.21324
92.50125,1.99750,0.78853,0.00000,0.21147
92.60125,1.99750,0.78493,0.00000,0.21507
92.70125,1.99751,0.77760,0.00000,0.22240
92.80125,1.99751,0.76758,0.00000,0.23242
92.90125,1.99750,0.75910,0.00000,0.24090
93.00125,1.99750,0.75181,0.00000,0.24819
93.10125,1.99750,0.74557,0.00000,0.25443
93.20125,1.99751,0.74050,0.00000,0.25950
93.30125,1.99751,0.73633,0.00000,0.26367
93.40125,1.99750,0.73288,0.00000,0.26712
93.50125,1.99750,0.73012,0.00000,0.26988
93.60125,1.99750,0.72798,0.00000,0.27202
93.70125,1.99751,0.72633,0.00000,0.27367
93.80125,1.99751,0.72508,0.00000,0.27492
93.90125,1.99750,0.72415,0.00000,0.27585
94.00125,1.99750,0.72343,0.00000,0.27657
94.10125,1.99750,0.72286,0.00000,0.27714
94.20125,1.99751,0.72241,0.00000,0.27759
94.30125,1.99751,0.72204,0.00000,0.27796
94.40125,1.99750,0.72174,0.00000,0.27826
94.50125,1.99750,0.72151,0.00000,0.27849
94.60125,1.99750,0.72132,0.00000,0.27868
94.70125,1.99751,0.72117,0.00000,0.27883
94.80125,1.99751,0.72105,0.00000,0.27895
94.90125,1.99750,0.72095,0.00000,0.27905
95.00125,1.99750,0.72087,0.00000,0.27913
95.10125,1.99750,0.72081,0.00000,0.27919
95.20125,1.99751,0.72075,0.00000,0.27925
95.30125,1.99751,0.72071,0.00000,0.27929
95.40125,1.99750,0.72068,0.00000,0.27932
95.50125,1.99750,0.72066,0.00000,0.27934
95.60125,1.99750,0.72064,0.00000,0.27936
95.70125,1.99751,0.72062,0.00000,0.27938
95.80125,1.99751,0.72060,0.00000,0.27940
95.90125,1.99750,0.72059,0.00000,0.27941
96.00125,1.99750,0.72059,0.00000,0.27941
96.10125,1.99750,0.72058,0.00000,0.27942
96.20125,1.99751,0.72057,0.00000,0.27943
96.30125,1.99751,0.72056,0.00000,0.27944
96.40125,1.99750,0.72055,0.00000,0.27945
96.50125,1.99750,0.72055,0.00000,0.27945
96.60125,1.99750,0.72055,0.00000,0.27945
96.70125,1.99751,0.72055,0.00000,0.27945
96.80125,1.99751,0.72055,0.00000,0.27945
96.90125,1.99750,0.72054,0.00000,0.27946
97.00125,1.99750,0.72054,0.00000,0.27946
97.10125,1.99750,0.72054,0.00000,0.27946
97.20125,1.99751,0.72054,0.00000,0.27946
97.30125,1.99751,0.72053,0.00000,0.27947
97.40125,1.99750,0.72053,0.00000,0.27947
97.50125,1.99750,0.72053,0.00000,0.27947
97.60125,1.99750,0.72052,0.00000,0.27948
97.70125,1.99751,0.72052,0.00000,0.27948
97.80125,1.99751,0.72052,0.00000,0.27948
97.90125,1.99750,0.72051,0.00000,0.27949
98.00125,1.99750,0.72051,0.00000,0.27949
98.10125,1.99750,0.72051,0.00000,0.27949
98.20125,1.99751,0.72051,0.00000,0.27949
98.30125,1.99751,0.72051,0.00000,0.27949
98.40125,1.99750,0.72051,0.00000,0.27949
98.50125,1.99750,0.72051,0.00000,0.27949
98.60125,1.99750,0.72051,0.00000,0.27949
98.70125,1.99751,0.72051,0.00000,0.27949
98.80125,1.99751,0.72051,0.00000,0.27949
98.90125,1.99750,0.72051,0.00000,0.27949
99.00125,1.99750,0.72051,0.00000,0.27949
99.10125,1.99750,0.72052,0.00000,0.27948
99.20125,1.99751,0.72052,0.00000,0.27948
99.30125,1.99751,0.72052,0.00000,0.27948
99.40125,1.99750,0.72052,0.00000,0.27948
99.50125,1.99750,0.72052,0.00000,0.27948
99.60125,1.99750,0.72052,0.00000,0.27948
99.70125,1.99751,0.72053,0.00000,0.27947
99.80125,1.99751,0.72053,0.00000,0.27947
99.90125,1.99750,0.72053,0.00000,0.27947
100.00125,1.99750,0.72053,0.00000,0.27947
100.10125,1.99750,0.72053,0.00000,0.27947
100.20125,1.99751,0.72053,0.00000,0.27947
100.30125,1.99751,0.72053,0.00000,0.27947
100.40125,1.99750,0.72053,0.00000,0.27947
100.50125,1.99750,0.72053,0.00000,0.27947
100.60125,1.99750,0.72053,0.00000,0.27947
100.70125,1.99751,0.72053,0.00000,0.27947
100.80125,1.99751,0.72054,0.00000,0.27946
100.90125,1.99750,0.72054,0.00000,0.27946
101.00125,1.99750,0.72054,0.00000,0.27946
101.10125,1.99750,0.72054,0.00000,0.27946
101.20125,1.99751,0.72054,0.00000,0.27946
101.30125,1.99751,0.72055,0.00000,0.27945
101.40125,1.99750,0.72055,0.00000,0.27945
101.50125,1.99750,0.72056,0.00000,0.27944
101.60125,1.99750,0.72595,0.00000,0.27405
101.70125,1.99751,0.73950,0.00000,0.26050
101.80125,1.99751,0.75275,0.00000,0.24725
101.90125,1.99750,0.76580,0.00000,0.23420
102.00125,1.99750,0.78207,0.00000,0.21793
102.10125,1.99750,0.79775,0.00000,0.20225
102.20125,1.99751,0.80993,0.00000,0.19007
102.30125,1.99751,0.81911,0.00000,0.18089
102.40125,1.99750,0.82586,0.00000,0.17414
102.50125,1.99750,0.83093,0.00000,0.16907
102.60125,1.99750,0.83498,0.00000,0.16501
102.70125,1.99751,0.84574,0.00000,0.15425
102.80125,1.99751,0.85379,0.00000,0.14621
102.90125,1.99750,0.85394,0.00001,0.14605
103.00125,1.99750,0.85252,0.00003,0.14746
103.10125,1.99750,0.84910,0.00006,0.15083
103.20125,1.99751,0.84517,0.00015,0.15468
103.30125,1.99751,0.84091,0.00038,0.15871
103.40125,1.99750,0.83801,0.00093,0.16106
103.50125,1.99750,0.83066,0.00240,0.16694
103.60125,1.99750,0.81716,0.00446,0.17838
103.70125,1.99751,0.79848,0.00802,0.19350
103.80125,1.99751,0.77627,0.01105,0.21268
103.90125,1.99750,0.75800,0.01324,0.22876
104.00125,1.99750,0.73162,0.01718,0.25120
104.10125,1.99750,0.70239,0.02454,0.27307
104.20125,1.99751,0.67586,0.03767,0.28647
104.30125,1.99751,0.64157,0.06355,0.29488
104.40125,1.99750,0.59412,0.11229,0.29359
104.50125,1.99750,0.52132,0.20238,0.27630
104.60125,1.99750,0.42065,0.34270,0.23665
104.70125,1.99751,0.35818,0.41090,0.23093
104.80125,1.99751,0.32464,0.45087,0.22449
104.90125,1.99750,0.30638,0.47586,0.21776
105.00125,1.99750,0.28830,0.49971,0.21199
105.10125,1.99750,0.27688,0.51668,0.20643
105.20125,1.99751,0.27015,0.52742,0.20243
105.30125,1.99751,0.26434,0.53308,0.20259
105.40125,1.99750,0.25954,0.53676,0.20370
105.50125,1.99750,0.25446,0.54422,0.20132
105.60125,1.99750,0.25013,0.54972,0.20016
105.70125,1.99751,0.24473,0.55721,0.19806
105.80125,1.99751,0.24962,0.55066,0.19972
105.90125,1.99750,0.25145,0.55034,0.19821
106.00125,1.99750,0.25488,0.54966,0.19546
106.10125,1.99750,0.25459,0.55315,0.19226
106.20125,1.99751,0.25013,0.55771,0.19216
106.30125,1.99751,0.24548,0.56280,0.19172
106.40125,1.99750,0.23650,0.57560,0.18790
106.50125,1.99750,0.23052,0.58250,0.18698
106.60125,1.99750,0.23095,0.58422,0.18483
106.70125,1.99751,0.23692,0.57396,0.18913
106.80125,1.99751,0.24030,0.56538,0.19433
106.90125,1.99750,0.25159,0.55149,0.19691
107.00125,1.99750,0.26776,0.53378,0.19846
107.10125,1.99750,0.28628,0.51135,0.20236
107.20125,1.99751,0.32049,0.46195,0.21756
107.30125,1.99751,0.36862,0.38940,0.24198
107.40125,1.99750,0.42649,0.29830,0.27521
107.50125,1.99750,0.48824,0.20171,0.31005
107.60125,1.99750,0.53588,0.12729,0.33683
107.70125,1.99751,0.55937,0.10249,0.33814
107.80125,1.99751,0.55605,0.10257,0.34137
107.90125,1.99750,0.55848,0.10316,0.33835
108.00125,1.99750,0.56198,0.09979,0.33823
108.10125,1.99750,0.55968,0.09933,0.34099
108.20125,1.99751,0.56941,0.09862,0.33197
108.30125,1.99751,0.58372,0.09116,0.32512
108.40125,1.99750,0.60058,0.07802,0.32140
108.50125,1.99750,0.62101,0.06393,0.31506
108.60125,1.99750,0.62119,0.06359,0.31522
108.70125,1.99751,0.61342,0.06739,0.31919
108.80125,1.99751,0.60866,0.06889,0.32245
108.90125,1.99750,0.60806,0.06892,0.32302
109.00125,1.99750,0.60744,0.06874,0.32381
109.10125,1.99750,0.60327,0.06997,0.32676
109.20125,1.99751,0.60103,0.07178,0.32719
109.30125,1.99751,0.60016,0.07367,0.32617
109.40125,1.99750,0.59908,0.07530,0.32562
109.50125,1.99750,0.59434,0.08943,0.31624
109.60125,1.99750,0.56518,0.13982,0.29500
109.70125,1.99751,0.54906,0.15864,0.29229
109.80125,1.99751,0.55690,0.15444,0.28867
109.90125,1.99750,0.55537,0.15218,0.29245
110.00125,1.99750,0.55600,0.15122,0.29277
110.10125,1.99750,0.55313,0.15079,0.29608
110.20125,1.99751,0.54132,0.15876,0.29992
110.30125,1.99751,0.52654,0.16561,0.30785
110.40125,1.99750,0.51005,0.18473,0.30522
110.50125,1.99750,0.50014,0.20300,0.29686
110.60125,1.99750,0.50904,0.19924,0.29171
110.70125,1.99751,0.53212,0.18414,0.28374
110.80125,1.99751,0.55583,0.16441,0.27976
110.90125,1.99750,0.57693,0.13702,0.28605
111.00125,1.99750,0.59731,0.10319,0.29949
111.10125,1.99750,0.60891,0.07381,0.31728
111.20125,1.99751,0.61131,0.05436,0.33434
111.30125,1.99751,0.60974,0.04147,0.34879
111.40125,1.99750,0.60590,0.03340,0.36070
111.50125,1.99750,0.60659,0.02319,0.37021
111.60125,1.99750,0.60682,0.01284,0.38034
111.70125,1.99751,0.60331,0.00664,0.39005
111.80125,1.99751,0.59265,0.00347,0.40388
111.90125,1.99750,0.58377,0.00177,0.41446
112.00125,1.99750,0.57113,0.00089,0.42799
112.10125,1.99750,0.55574,0.00042,0.44384
112.20125,1.99751,0.54972,0.00019,0.45009
112.30125,1.99751,0.54022,0.00009,0.45969
112.40125,1.99750,0.52713,0.00005,0.47282
112.50125,1.99750,0.51562,0.00003,0.48435
112.60125,1.99750,0.50928,0.00002,0.49070
112.70125,1.99751,0.50549,0.00002,0.49450
112.80125,1.99751,0.50857,0.00002,0.49142
112.90125,1.99750,0.51028,0.00002,0.48970
113.00125,1.99750,0.51566,0.00003,0.48431
113.10125,1.99750,0.52562,0.00005,0.47433
113.20125,1.99751,0.53960,0.00008,0.46032
113.30125,1.99751,0.55771,0.00014,0.44215
113.40125,1.99750,0.57963,0.00025,0.42012
113.50125,1.99750,0.60399,0.00046,0.39556
113.60125,1.99750,0.62535,0.00078,0.37387
113.70125,1.99751,0.64517,0.00127,0.35357
113.80125,1.99751,0.66175,0.00196,0.33630
113.90125,1.99750,0.67681,0.00294,0.32025
114.00125,1.99750,0.69179,0.00449,0.30372
114.10125,1.99750,0.70731,0.00708,0.28561
114.20125,1.99751,0.72189,0.01148,0.26663
114.30125,1.99751,0.73485,0.01942,0.24574
114.40125,1.99750,0.74233,0.03101,0.22667
114.50125,1.99750,0.74494,0.04613,0.20893
114.60125,1.99750,0.74293,0.06104,0.19603
114.70125,1.99751,0.74037,0.06730,0.19233
114.80125,1.99751,0.73903,0.06971,0.19127
114.90125,1.99750,0.73936,0.07002,0.19061
115.00125,1.99750,0.74004,0.06997,0.18999
115.10125,1.99750,0.73976,0.07029,0.18995
115.20125,1.99751,0.73827,0.07128,0.19045
115.30125,1.99751,0.73225,0.07414,0.19360
115.40125,1.99750,0.72249,0.07891,0.19860
115.50125,1.99750,0.70916,0.08714,0.20370
115.60125,1.99750,0.68933,0.10143,0.20924
115.70125,1.99751,0.66616,0.12480,0.20904
115.80125,1.99751,0.63678,0.16117,0.20205
115.90125,1.99750,0.59975,0.21058,0.18967
116.00125,1.99750,0.55739,0.26501,0.17760
116.10125,1.99750,0.51069,0.32719,0.16212
116.20125,1.99751,0.46445,0.38796,0.14759
116.30125,1.99751,0.42315,0.44161,0.13524
116.40125,1.99750,0.38342,0.49353,0.12305
116.50125,1.99750,0.35584,0.52861,0.11554
116.60125,1.99750,0.34211,0.54395,0.11394
116.70125,1.99751,0.33356,0.55243,0.11401
116.80125,1.99751,0.32775,0.55801,0.11424
116.90125,1.99750,0.32322,0.56213,0.11465
117.00125,1.99750,0.32076,0.56403,0.11520
117.10125,1.99750,0.32144,0.56211,0.11645
117.20125,1.99751,0.32496,0.55683,0.11821
117.30125,1.99751,0.33298,0.54718,0.11984
117.40125,1.99750,0.34187,0.53557,0.12256
117.50125,1.99750,0.35313,0.52170,0.12517
117.60125,1.99750,0.36597,0.50642,0.12761
117.70125,1.99751,0.37582,0.49433,0.12985
117.80125,1.99751,0.38314,0.48490,0.13196
117.90125,1.99750,0.38897,0.47713,0.13390
118.00125,1.99750,0.39446,0.46927,0.13627
118.10125,1.99750,0.39743,0.46402,0.13855
118.20125,1.99751,0.39921,0.46012,0.14067
118.30125,1.99751,0.40057,0.45708,0.14235
118.40125,1.99750,0.40101,0.45477,0.14422
118.50125,1.99750,0.40076,0.45325,0.14599
118.60125,1.99750,0.39903,0.45317,0.14781
118.70125,1.99751,0.39881,0.45267,0.14852
118.80125,1.99751,0.39739,0.45313,0.14948
118.90125,1.99750,0.39594,0.45431,0.14975
119.00125,1.99750,0.39445,0.45544,0.15011
119.10125,1.99750,0.39191,0.45793,0.15016
119.20125,1.99751,0.38859,0.46132,0.15009
119.30125,1.99751,0.38490,0.46493,0.15017
119.40125,1.99750,0.38070,0.46910,0.15021
119.50125,1.99750,0.37523,0.47468,0.15009
119.60125,1.99750,0.37093,0.47935,0.14971
119.70125,1.99751,0.36726,0.48337,0.14936
119.80125,1.99751,0.36372,0.48695,0.14933
119.90125,1.99750,0.36051,0.49035,0.14914
120.00125,1.99750,0.35693,0.49438,0.14869
120.10125,1.99750,0.35361,0.49778,0.14861
120.20125,1.99751,0.35028,0.50100,0.14872
120.30125,1.99751,0.34713,0.50434,0.14853
120.40125,1.99750,0.34433,0.50742,0.14825
120.50125,1.99750,0.34214,0.50992,0.14795
120.60125,1.99750,0.34049,0.51189,0.14762
120.70125,1.99751,0.33830,0.51427,0.14744
120.80125,1.99751,0.33855,0.51296,0.14849
120.90125,1.99750,0.33844,0.51183,0.14973
121.00125,1.99750,0.33712,0.51272,0.15017
121.10125,1.99750,0.33622,0.51296,0.15081
121.20125,1.99751,0.33520,0.51349,0.15131
121.30125,1.99751,0.33555,0.51310,0.15135
121.40125,1.99750,0.33601,0.51238,0.15161
121.50125,1.99750,0.33773,0.51020,0.15207
121.60125,1.99750,0.33861,0.50876,0.15263
121.70125,1.99751,0.33751,0.50911,0.15338
121.80125,1.99751,0.33748,0.50874,0.15379
121.90125,1.99750,0.33878,0.50750,0.15373
122.00125,1.99750,0.34076,0.50523,0.15402
122.10125,1.99750,0.34248,0.50310,0.15442
122.20125,1.99751,0.34373,0.50102,0.15525
122.30125,1.99751,0.34329,0.50065,0.15606
122.40125,1.99750,0.34001,0.50307,0.15692
122.50125,1.99750,0.33618,0.50647,0.15735
122.60125,1.99750,0.33259,0.50966,0.15775
122.70125,1.99751,0.32926,0.51296,0.15777
122.80125,1.99751,0.32462,0.51751,0.15786
122.90125,1.99750,0.31781,0.52438,0.15780
123.00125,1.99750,0.31152,0.53010,0.15838
123.10125,1.99750,0.30352,0.53784,0.15864
123.20125,1.99751,0.29462,0.54678,0.15860
123.30125,1.99751,0.28645,0.55494,0.15861
123.40125,1.99750,0.27829,0.56312,0.15858
123.50125,1.99750,0.27111,0.57048,0.15841
123.60125,1.99750,0.26229,0.58050,0.15721
123.70125,1.99751,0.25562,0.58802,0.15635
123.80125,1.99751,0.24716,0.59764,0.15520
123.90125,1.99750,0.24031,0.60522,0.15447
124.00125,1.99750,0.23462,0.61157,0.15382
124.10125,1.99750,0.22937,0.61719,0.15344
124.20125,1.99751,0.22333,0.62450,0.15217
124.30125,1.99751,0.21813,0.63051,0.15136
124.40125,1.99750,0.21504,0.63380,0.15117
124.50125,1.99750,0.21203,0.63740,0.15058
124.60125,1.99750,0.21010,0.63973,0.15016
124.70125,1.99751,0.20874,0.64150,0.14976
124.80125,1.99751,0.20660,0.64502,0.14838
124.90125,1.99750,0.20797,0.64395,0.14808
125.00125,1.99750,0.20926,0.64303,0.14771
125.10125,1.99750,0.21308,0.63902,0.14789
125.20125,1.99751,0.21870,0.63284,0.14846
125.30125,1.99751,0.22517,0.62565,0.14918
125.40125,1.99750,0.23149,0.61889,0.14962
125.50125,1.99750,0.23963,0.60896,0.15140
125.60125,1.99750,0.24780,0.59894,0.15326
125.70125,1.99751,0.25697,0.58783,0.15520
125.80125,1.99751,0.26748,0.57532,0.15719
125.90125,1.99750,0.27569,0.56558,0.15873
126.00125,1.99750,0.28162,0.55884,0.15953
126.10125,1.99751,0.28698,0.55231,0.16071
126.20125,1.99750,0.29360,0.54426,0.16214
126.30125,1.99751,0.29855,0.53864,0.16281
126.40125,1.99749,0.30366,0.53305,0.16328
126.50125,1.99750,0.30663,0.52968,0.16369
126.60125,1.99751,0.30628,0.52978,0.16395
126.70125,1.99750,0.30290,0.53364,0.16346
126.80125,1.99751,0.30023,0.53632,0.16345
126.90125,1.99749,0.29318,0.54385,0.16297
127.00125,1.99750,0.28699,0.55050,0.16251
127.10125,1.99751,0.27930,0.55916,0.16154
127.20125,1.99750,0.26928,0.57060,0.16011
127.30125,1.99751,0.25627,0.58542,0.15831
127.40125,1.99749,0.24433,0.59936,0.15631
127.50125,1.99750,0.22974,0.61707,0.15319
127.60125,1.99751,0.21572,0.63409,0.15019
127.70125,1.99750,0.20218,0.65097,0.14685
127.80125,1.99751,0.18910,0.66771,0.14320
127.90125,1.99749,0.17629,0.68466,0.13905
128.00125,1.99750,0.16560,0.69923,0.13517
128.10126,1.99750,0.15520,0.71339,0.13140
128.20125,1.99750,0.14674,0.72476,0.12850
128.30125,1.99750,0.14028,0.73343,0.12629
128.40125,1.99750,0.13488,0.74061,0.12451
128.50125,1.99750,0.12982,0.74746,0.12272
128.60126,1.99750,0.12792,0.74968,0.12240
128.70125,1.99750,0.12701,0.75045,0.12254
128.80125,1.99750,0.12724,0.74962,0.12314
128.90125,1.99750,0.12993,0.74514,0.12493
129.00125,1.99750,0.13283,0.74047,0.12670
129.10126,1.99750,0.13615,0.73502,0.12882
129.20125,1.99750,0.13966,0.72984,0.13049
129.30125,1.99750,0.14461,0.72300,0.13239
129.40125,1.99750,0.14924,0.71665,0.13411
129.50125,1.99750,0.15625,0.70681,0.13695
129.60126,1.99750,0.16354,0.69659,0.13987
129.70125,1.99750,0.17097,0.68643,0.14260
129.80125,1.99750,0.17732,0.67819,0.14449
129.90125,1.99750,0.18453,0.66839,0.14708
130.00125,1.99750,0.18958,0.66134,0.14908
130.10126,1.99750,0.19556,0.65286,0.15159
130.20125,1.99750,0.20033,0.64613,0.15354
130.30125,1.99750,0.20318,0.64190,0.15491
130.40125,1.99750,0.20322,0.64122,0.15555
130.50125,1.99750,0.20633,0.63616,0.15751
130.60126,1.99750,0.20402,0.63897,0.15701
130.70125,1.99750,0.20049,0.64348,0.15603
130.80125,1.99750,0.19612,0.64928,0.15460
130.90125,1.99750,0.18994,0.65763,0.15243
131.00125,1.99750,0.18208,0.66921,0.14871
131.10126,1.99750,0.17573,0.67840,0.14586
131.20125,1.99750,0.16813,0.68934,0.14253
131.30125,1.99750,0.15994,0.70150,0.13856
131.40125,1.99750,0.15336,0.71104,0.13559
131.50125,1.99750,0.14696,0.72014,0.13290
131.60126,1.99750,0.14029,0.72963,0.13009
131.70125,1.99750,0.13436,0.73803,0.12761
131.80125,1.99750,0.12841,0.74640,0.12518
131.90125,1.99750,0.12223,0.75576,0.12200
132.00125,1.99750,0.11810,0.76205,0.11985
132.10126,1.99750,0.11492,0.76665,0.11843
132.20125,1.99750,0.11263,0.76979,0.11758
132.30125,1.99750,0.11116,0.77168,0.11716
132.40125,1.99750,0.11004,0.77303,0.11692
132.50125,1.99750,0.10912,0.77456,0.11632
132.60126,1.99750,0.10910,0.77429,0.11661
132.70125,1.99750,0.11077,0.77123,0.11800
132.80125,1.99750,0.11332,0.76706,0.11962
132.90125,1.99750,0.11702,0.76114,0.12184
133.00125,1.99750,0.12104,0.75430,0.12466
133.10126,1.99750,0.12626,0.74548,0.12826
133.20125,1.99750,0.13367,0.73282,0.13351
133.30125,1.99750,0.14159,0.71965,0.13876
133.40125,1.99750,0.14992,0.70632,0.14375
133.50125,1.99750,0.15887,0.69249,0.14864
133.60126,1.99750,0.16787,0.67859,0.15354
133.70125,1.99750,0.17543,0.66769,0.15688
133.80125,1.99750,0.18311,0.65613,0.16076
133.90125,1.99750,0.19092,0.64397,0.16511
134.00125,1.99750,0.19694,0.63469,0.16837
134.10126,1.99750,0.20159,0.62780,0.17060
134.20125,1.99750,0.20538,0.62224,0.17238
134.30125,1.99750,0.20928,0.61686,0.17386
134.40125,1.99750,0.20951,0.61675,0.17374
134.50125,1.99750,0.20961,0.61665,0.17374
134.60126,1.99750,0.20836,0.61875,0.17289
134.70125,1.99750,0.20658,0.62118,0.17224
134.80125,1.99750,0.20516,0.62287,0.17197
134.90125,1.99750,0.20370,0.62453,0.17177
135.00125,1.99750,0.20298,0.62480,0.17222
135.10126,1.99750,0.20045,0.62767,0.17187
135.20125,1.99750,0.19725,0.63164,0.17111
135.30125,1.99750,0.19478,0.63457,0.17065
135.40125,1.99750,0.19292,0.63680,0.17028
135.50125,1.99750,0.19090,0.63918,0.16992
135.60126,1.99750,0.18838,0.64234,0.16928
135.70125,1.99750,0.18750,0.64191,0.17058
135.80125,1.99750,0.18551,0.64362,0.17087
135.90125,1.99750,0.18412,0.64500,0.17088
136.00125,1.99750,0.18293,0.64632,0.17076
136.10126,1.99750,0.18096,0.64895,0.17009
136.20125,1.99750,0.17909,0.65115,0.16976
136.30125,1.99750,0.17867,0.65133,0.17001
136.40125,1.99750,0.17793,0.65177,0.17030
136.50125,1.99750,0.17642,0.65357,0.17001
136.60126,1.99750,0.17593,0.65398,0.17009
136.70125,1.99750,0.17348,0.65757,0.16895
136.80125,1.99750,0.16908,0.66526,0.16566
136.90125,1.99750,0.16477,0.67251,0.16273
137.00125,1.99750,0.16030,0.68026,0.15944
137.10126,1.99750,0.15384,0.69155,0.15462
137.20125,1.99750,0.14816,0.70165,0.15018
137.30125,1.99750,0.14080,0.71459,0.14461
137.40125,1.99750,0.13240,0.72902,0.13858
137.50125,1.99750,0.12511,0.74087,0.13402
137.60126,1.99750,0.11841,0.75249,0.12910
137.70125,1.99750,0.11129,0.76527,0.12343
137.80125,1.99750,0.10596,0.77487,0.11917
137.90125,1.99750,0.10135,0.78297,0.11568
138.00125,1.99750,0.09730,0.79006,0.11264
138.10126,1.99750,0.09429,0.79546,0.11025
138.20125,1.99750,0.09240,0.79890,0.10870
138.30125,1.99750,0.09068,0.80218,0.10714
138.40125,1.99750,0.08992,0.80373,0.10635
138.50125,1.99750,0.09011,0.80341,0.10648
138.60126,1.99750,0.09101,0.80169,0.10730
138.70125,1.99750,0.09252,0.79873,0.10875
138.80125,1.99750,0.09447,0.79444,0.11109
138.90125,1.99750,0.09603,0.79103,0.11293
139.00125,1.99750,0.09850,0.78592,0.11558
139.10126,1.99750,0.10109,0.78051,0.11840
139.20125,1.99750,0.10388,0.77455,0.12157
139.30125,1.99750,0.10740,0.76729,0.12531
139.40125,1.99750,0.11136,0.75965,0.12899
139.50125,1.99750,0.11459,0.75364,0.13177
139.60126,1.99750,0.11753,0.74832,0.13415
139.70125,1.99750,0.12121,0.74149,0.13731
139.80125,1.99750,0.12304,0.73832,0.13865
139.90125,1.99750,0.12402,0.73659,0.13939
140.00125,1.99750,0.12472,0.73545,0.13983
140.10126,1.99750,0.12455,0.73565,0.13980
140.20125,1.99750,0.12348,0.73773,0.13880
140.30125,1.99750,0.12210,0.74068,0.13722
140.40125,1.99750,0.12181,0.74165,0.13654
140.50125,1.99750,0.12010,0.74551,0.13438
140.60126,1.99750,0.11723,0.75200,0.13077
140.70125,1.99750,0.11396,0.75892,0.12712
140.80125,1.99750,0.11078,0.76564,0.12358
140.90125,1.99750,0.10730,0.77217,0.12054
141.00125,1.99750,0.10383,0.77882,0.11735
141.10126,1.99750,0.10253,0.78095,0.11653
141.20125,1.99750,0.10017,0.78528,0.11455
141.30125,1.99750,0.09674,0.79185,0.11141
141.40125,1.99750,0.09378,0.79733,0.10889
141.50125,1.99750,0.09123,0.80205,0.10672
141.60126,1.99750,0.08910,0.80553,0.10536
141.70125,1.99750,0.08785,0.80775,0.10440
141.80125,1.99750,0.08895,0.80530,0.10575
141.90125,1.99750,0.09022,0.80269,0.10709
142.00125,1.99750,0.09251,0.79848,0.10901
142.10126,1.99750,0.09712,0.79033,0.11255
142.20125,1.99750,0.10404,0.77833,0.11763
142.30125,1.99750,0.11270,0.76353,0.12376
142.40125,1.99750,0.12194,0.74860,0.12946
142.50125,1.99750,0.13336,0.72978,0.13686
142.60126,1.99750,0.14635,0.70851,0.14514
142.70125,1.99750,0.16037,0.68600,0.15362
142.80125,1.99750,0.17521,0.66294,0.16185
142.90125,1.99750,0.19057,0.63966,0.16977
143.00125,1.99750,0.20579,0.61711,0.17710
143.10126,1.99750,0.22063,0.59675,0.18262
143.20125,1.99750,0.23554,0.57524,0.18922
143.30125,1.99750,0.25125,0.55275,0.19601
143.40125,1.99750,0.26459,0.53381,0.20160
143.50125,1.99750,0.27483,0.51949,0.20568
143.60126,1.99750,0.28177,0.50910,0.20913
143.70125,1.99750,0.28417,0.50444,0.21138
143.80125,1.99750,0.28223,0.50775,0.21002
143.90125,1.99750,0.27882,0.51493,0.20625
144.00125,1.99750,0.27322,0.52587,0.20092
144.10126,1.99750,0.26433,0.54066,0.19501
144.20125,1.99750,0.25297,0.55867,0.18835
144.30125,1.99750,0.24113,0.57660,0.18226
144.40125,1.99750,0.22813,0.59630,0.17557
144.50125,1.99750,0.21506,0.61580,0.16915
144.60126,1.99750,0.20226,0.63568,0.16205
144.70125,1.99750,0.18931,0.65585,0.15484
144.80125,1.99750,0.17640,0.67613,0.14747
144.90125,1.99750,0.16467,0.69457,0.14076
145.00125,1.99750,0.15352,0.71278,0.13370
145.10126,1.99750,0.14271,0.73065,0.12663
145.20125,1.99750,0.13328,0.74683,0.11989
145.30125,1.99750,0.12457,0.76207,0.11336
145.40125,1.99750,0.11731,0.77481,0.10788
145.50125,1.99750,0.11119,0.78578,0.10303
145.60126,1.99750,0.10831,0.79122,0.10048
145.70125,1.99750,0.10642,0.79537,0.09821
145.80125,1.99750,0.10564,0.79729,0.09707
145.90125,1.99750,0.10500,0.79818,0.09682
146.00125,1.99750,0.10466,0.79787,0.09747
146.10126,1.99750,0.10453,0.79688,0.09859
146.20125,1.99750,0.10421,0.79645,0.09934
146.30125,1.99750,0.10445,0.79474,0.10081
146.40125,1.99750,0.10424,0.79384,0.10192
146.50125,1.99750,0.10287,0.79513,0.10200
146.60126,1.99750,0.10246,0.79449,0.10305
146.70125,1.99750,0.10271,0.79259,0.10471
146.80125,1.99750,0.10303,0.79057,0.10640
146.90125,1.99750,0.10293,0.78945,0.10763
147.00125,1.99750,0.10347,0.78680,0.10974
147.10126,1.99750,0.10314,0.78564,0.11121
147.20125,1.99750,0.10292,0.78464,0.11244
147.30125,1.99750,0.10309,0.78298,0.11393
147.40125,1.99750,0.10344,0.78121,0.11535
147.50125,1.99750,0.10399,0.77899,0.11701
147.60126,1.99750,0.10488,0.77644,0.11868
147.70125,1.99750,0.10562,0.77434,0.12004
147.80125,1.99750,0.10599,0.77349,0.12052
147.90125,1.99750,0.10626,0.77311,0.12063
148.00125,1.99750,0.10595,0.77402,0.12003
148.10126,1.99750,0.10530,0.77555,0.11915
148.20125,1.99750,0.10422,0.77803,0.11775
148.30125,1.99750,0.10284,0.78130,0.11586
148.40125,1.99750,0.10187,0.78391,0.11422
148.50125,1.99750,0.10102,0.78619,0.11279
148.60126,1.99750,0.09994,0.78874,0.11132
148.70125,1.99750,0.09929,0.78998,0.11072
148.80125,1.99750,0.09931,0.78969,0.11100
148.90125,1.99750,0.09960,0.78908,0.11132
149.00125,1.99750,0.10176,0.78517,0.11307
149.10126,1.99750,0.10547,0.77815,0.11638
149.20125,1.99750,0.10967,0.77023,0.12010
149.30125,1.99750,0.11526,0.75969,0.12504
149.40125,1.99750,0.12182,0.74754,0.13064
149.50125,1.99750,0.12822,0.73547,0.13631
149.60126,1.99750,0.13271,0.72803,0.13926
149.70125,1.99750,0.13871,0.71667,0.14463
149.80125,1.99750,0.14460,0.70524,0.15016
149.90125,1.99750,0.14950,0.69527,0.15523
150.00125,1.99750,0.15401,0.68585,0.16014
150.10126,1.99750,0.15758,0.67806,0.16436
150.20125,1.99750,0.15947,0.67310,0.16743
150.30125,1.99750,0.16113,0.66890,0.16997
150.40125,1.99750,0.16213,0.66659,0.17128
150.50125,1.99750,0.16239,0.66726,0.17035
150.60126,1.99750,0.16206,0.67021,0.16772
150.70125,1.99750,0.16091,0.67577,0.16332
150.80125,1.99750,0.15851,0.68367,0.15782
150.90125,1.99750,0.15542,0.69255,0.15203
151.00125,1.99750,0.15132,0.70143,0.14725
151.10126,1.99750,0.14709,0.71081,0.14210
151.20125,1.99750,0.14140,0.72311,0.13549
151.30125,1.99750,0.13515,0.73608,0.12877
151.40125,1.99750,0.12870,0.74881,0.12249
151.50125,1.99750,0.12252,0.76080,0.11668
151.60126,1.99750,0.11781,0.77069,0.11150
151.70125,1.99750,0.11297,0.78006,0.10696
151.80125,1.99750,0.10922,0.78742,0.10336
151.90125,1.99750,0.10612,0.79414,0.09973
152.00125,1.99750,0.10338,0.79981,0.09681
152.10126,1.99750,0.10158,0.80364,0.09478
152.20125,1.99750,0.10097,0.80502,0.09401
152.30125,1.99750,0.10076,0.80586,0.09337
152.40125,1.99750,0.10094,0.80559,0.09347
152.50125,1.99750,0.10142,0.80384,0.09475
152.60126,1.99750,0.10180,0.80197,0.09623
152.70125,1.99750,0.10232,0.79981,0.09787
152.80125,1.99750,0.10262,0.79771,0.09966
152.90125,1.99750,0.10351,0.79434,0.10215
153.00125,1.99750,0.10374,0.79329,0.10297
153.10126,1.99750,0.10385,0.79218,0.10397
153.20125,1.99750,0.10343,0.79189,0.10468
153.30125,1.99750,0.10319,0.79119,0.10561
153.40125,1.99750,0.10295,0.79063,0.10642
153.50125,1.99750,0.10239,0.79093,0.10668
153.60126,1.99750,0.10133,0.79313,0.10554
153.70125,1.99750,0.10078,0.79392,0.10530
153.80125,1.99750,0.10006,0.79470,0.10524
153.90125,1.99750,0.09933,0.79635,0.10432
154.00125,1.99750,0.09906,0.79703,0.10390
154.10126,1.99750,0.09891,0.79716,0.10393
154.20125,1.99750,0.09873,0.79727,0.10400
154.30125,1.99750,0.09842,0.79720,0.10438
154.40125,1.99750,0.09928,0.79484,0.10588
154.50125,1.99750,0.10028,0.79209,0.10764
154.60126,1.99750,0.10165,0.78925,0.10910
154.70125,1.99750,0.10251,0.78732,0.11016
154.80125,1.99750,0.10301,0.78622,0.11077
154.90125,1.99750,0.10271,0.78651,0.11078
155.00125,1.99750,0.10241,0.78673,0.11086
155.10126,1.99750,0.10273,0.78612,0.11114
155.20125,1.99750,0.10274,0.78636,0.11090
155.30125,1.99750,0.10272,0.78707,0.11021
155.40125,1.99750,0.10258,0.78829,0.10913
155.50125,1.99750,0.10250,0.78923,0.10827
155.60126,1.99750,0.10231,0.79035,0.10734
155.70125,1.99750,0.10230,0.79072,0.10698
155.80125,1.99750,0.10288,0.78939,0.10774
155.90125,1.99750,0.10340,0.78891,0.10769
156.00125,1.99750,0.10339,0.79041,0.10621
156.10126,1.99750,0.10308,0.79230,0.10461
156.20125,1.99750,0.10260,0.79430,0.10311
156.30125,1.99750,0.10113,0.79803,0.10084
156.40125,1.99750,0.10019,0.80070,0.09911
156.50125,1.99750,0.09968,0.80171,0.09861
156.60126,1.99750,0.09863,0.80379,0.09758
156.70125,1.99750,0.09819,0.80513,0.09668
156.80125,1.99750,0.09803,0.80539,0.09658
156.90125,1.99750,0.09806,0.80489,0.09705
157.00125,1.99750,0.09784,0.80455,0.09761
157.10126,1.99750,0.09847,0.80272,0.09881
157.20125,1.99750,0.09878,0.80126,0.09997
157.30125,1.99750,0.09954,0.79910,0.10135
157.40125,1.99750,0.10029,0.79692,0.10279
157.50125,1.99750,0.10092,0.79495,0.10413
157.60126,1.99750,0.10148,0.79317,0.10535
157.70125,1.99750,0.10181,0.79233,0.10587
157.80125,1.99750,0.10213,0.79124,0.10664
157.90125,1.99750,0.10233,0.79008,0.10759
158.00125,1.99750,0.10289,0.78848,0.10863
158.10126,1.99750,0.10342,0.78721,0.10938
158.20125,1.99750,0.10387,0.78605,0.11007
158.30125,1.99750,0.10409,0.78535,0.11055
158.40125,1.99750,0.10435,0.78505,0.11059
158.50125,1.99750,0.10449,0.78522,0.11030
158.60126,1.99750,0.10472,0.78493,0.11036
158.70125,1.99750,0.10442,0.78587,0.10971
158.80125,1.99750,0.10407,0.78701,0.10892
158.90125,1.99750,0.10370,0.78833,0.10797
159.00125,1.99750,0.10331,0.78974,0.10695
159.10126,1.99750,0.10308,0.79072,0.10619
159.20125,1.99750,0.10295,0.79155,0.10550
159.30125,1.99750,0.10191,0.79410,0.10399
159.40125,1.99750,0.10133,0.79573,0.10294
159.50125,1.99750,0.10101,0.79661,0.10238
159.60126,1.99750,0.10093,0.79677,0.10230
159.70125,1.99750,0.10088,0.79669,0.10243
159.80125,1.99750,0.10178,0.79472,0.10350
159.90125,1.99750,0.10210,0.79369,0.10420
160.00125,1.99750,0.10230,0.79325,0.10444
160.10126,1.99750,0.10263,0.79259,0.10478
160.20125,1.99750,0.10290,0.79196,0.10515
160.30125,1.99750,0.10233,0.79286,0.10481
160.40125,1.99750,0.10184,0.79355,0.10462
160.50125,1.99750,0.10203,0.79295,0.10502
160.60126,1.99750,0.10326,0.78977,0.10697
160.70125,1.99750,0.10453,0.78667,0.10879
160.80125,1.99750,0.10589,0.78418,0.10992
160.90125,1.99750,0.10671,0.78263,0.11066
161.00125,1.99750,0.10698,0.78225,0.11077
161.10126,1.99750,0.10679,0.78240,0.11081
161.20125,1.99750,0.10709,0.78090,0.11201
161.30125,1.99750,0.10780,0.77884,0.11336
161.40125,1.99750,0.10813,0.77795,0.11392
161.50125,1.99750,0.10824,0.77808,0.11368
161.60126,1.99750,0.10804,0.77875,0.11321
161.70125,1.99750,0.10651,0.78187,0.11162
161.80125,1.99750,0.10562,0.78354,0.11084
161.90125,1.99750,0.10523,0.78365,0.11112
162.00125,1.99750,0.10521,0.78323,0.11156
162.10126,1.99750,0.10647,0.77995,0.11358
162.20125,1.99750,0.10712,0.77808,0.11480
162.30125,1.99750,0.10761,0.77735,0.11504
162.40125,1.99750,0.10778,0.77712,0.11510
162.50125,1.99750,0.10677,0.77941,0.11381
162.60126,1.99750,0.10622,0.78101,0.11277
162.70125,1.99750,0.10573,0.78197,0.11230
162.80125,1.99750,0.10561,0.78242,0.11197
162.90125,1.99750,0.10550,0.78343,0.11106
163.00125,1.99750,0.10527,0.78495,0.10978
163.10126,1.99750,0.10507,0.78674,0.10819
163.20125,1.99750,0.10485,0.78811,0.10704
163.30125,1.99750,0.10437,0.78919,0.10644
163.40125,1.99750,0.10452,0.78850,0.10698
163.50125,1.99750,0.10580,0.78499,0.10921
163.60126,1.99750,0.10938,0.77752,0.11310
163.70125,1.99750,0.11404,0.76790,0.11806
163.80125,1.99750,0.11914,0.75788,0.12298
163.90125,1.99750,0.12588,0.74503,0.12908
164.00125,1.99750,0.13322,0.73178,0.13500
164.10126,1.99750,0.14037,0.71955,0.14007
164.20125,1.99750,0.14849,0.70509,0.14641
164.30125,1.99750,0.15739,0.68907,0.15354
164.40125,1.99750,0.16613,0.67323,0.16063
164.50125,1.99750,0.17420,0.65829,0.16751
164.60126,1.99750,0.18227,0.64361,0.17412
164.70125,1.99750,0.19012,0.62873,0.18114
164.80125,1.99750,0.19649,0.61596,0.18755
164.90125,1.99750,0.20175,0.60360,0.19466
165.00125,1.99750,0.20516,0.59362,0.20122
165.10126,1.99750,0.20739,0.58682,0.20580
165.20125,1.99750,0.20952,0.58204,0.20844
165.30125,1.99750,0.21197,0.57862,0.20941
165.40125,1.99750,0.21400,0.57768,0.20832
165.50125,1.99750,0.21451,0.58050,0.20500
165.60126,1.99750,0.21314,0.58782,0.19904
165.70125,1.99750,0.21221,0.59350,0.19429
165.80125,1.99750,0.20958,0.60146,0.18896
165.90125,1.99750,0.20596,0.61040,0.18364
166.00125,1.99750,0.20092,0.62168,0.17740
166.10126,1.99750,0.19459,0.63502,0.17039
166.20125,1.99750,0.18795,0.64889,0.16316
166.30125,1.99750,0.18102,0.66285,0.15613
166.40125,1.99750,0.17456,0.67654,0.14890
166.50125,1.99750,0.16965,0.68745,0.14290
166.60126,1.99750,0.16426,0.69936,0.13638
166.70125,1.99750,0.15969,0.71029,0.13002
166.80125,1.99750,0.15565,0.72044,0.12390
166.90125,1.99750,0.15167,0.72970,0.11863
167.00125,1.99750,0.14904,0.73667,0.11429
167.10126,1.99750,0.14727,0.74158,0.11115
167.20125,1.99750,0.14635,0.74375,0.10991
167.30125,1.99750,0.14481,0.74628,0.10891
167.40125,1.99750,0.14290,0.74946,0.10764
167.50125,1.99750,0.14070,0.75257,0.10673
167.60126,1.99750,0.13818,0.75567,0.10615
167.70125,1.99750,0.13514,0.75953,0.10533
167.80125,1.99750,0.13224,0.76307,0.10469
167.90125,1.99750,0.12861,0.76807,0.10332
168.00125,1.99750,0.12583,0.77133,0.10284
168.10126,1.99750,0.12365,0.77358,0.10277
168.20125,1.99750,0.12144,0.77601,0.10255
168.30125,1.99750,0.11939,0.77737,0.10324
168.40125,1.99750,0.11803,0.77687,0.10510
168.50125,1.99750,0.11709,0.77533,0.10757
168.60126,1.99750,0.11670,0.77233,0.11097
168.70125,1.99750,0.11694,0.76886,0.11419
168.80125,1.99750,0.11755,0.76470,0.11776
168.90125,1.99750,0.11772,0.76209,0.12020
169.00125,1.99750,0.11866,0.75766,0.12368
169.10126,1.99750,0.11955,0.75368,0.12677
169.20125,1.99750,0.11969,0.75143,0.12888
169.30125,1.99750,0.11976,0.74961,0.13062
169.40125,1.99750,0.12084,0.74581,0.13335
169.50125,1.99750,0.12152,0.74345,0.13503
169.60126,1.99750,0.12191,0.74282,0.13526
169.70125,1.99750,0.12211,0.74288,0.13502
169.80125,1.99750,0.12217,0.74342,0.13441
169.90125,1.99750,0.12164,0.74523,0.13313
170.00125,1.99750,0.12168,0.74628,0.13204
170.10126,1.99750,0.12252,0.74457,0.13291
170.20125,1.99750,0.12379,0.74300,0.13321
170.30125,1.99750,0.12521,0.74277,0.13202
170.40125,1.99750,0.12568,0.74460,0.12972
170.50125,1.99750,0.12546,0.74776,0.12678
170.60126,1.99750,0.12452,0.75136,0.12413
170.70125,1.99750,0.12253,0.75638,0.12109
170.80125,1.99750,0.12269,0.75726,0.12005
170.90125,1.99750,0.12349,0.75651,0.12000
171.00125,1.99750,0.12315,0.75876,0.11809
171.10126,1.99750,0.12318,0.76048,0.11634
171.20125,1.99750,0.12320,0.76158,0.11522
171.30125,1.99750,0.12361,0.76148,0.11490
171.40125,1.99750,0.12308,0.76258,0.11434
171.50125,1.99750,0.12472,0.75890,0.11638
171.60126,1.99750,0.12584,0.75562,0.11854
171.70125,1.99750,0.12620,0.75435,0.11945
171.80125,1.99750,0.12692,0.75273,0.12035
171.90125,1.99750,0.12753,0.75068,0.12179
172.00125,1.99750,0.12823,0.74821,0.12356
172.10126,1.99750,0.12813,0.74744,0.12443
172.20125,1.99750,0.12879,0.74427,0.12694
172.30125,1.99750,0.12927,0.74049,0.13024
172.40125,1.99750,0.12957,0.73766,0.13277
172.50125,1.99750,0.13034,0.73351,0.13615
172.60126,1.99750,0.13232,0.72758,0.14010
172.70125,1.99750,0.13578,0.71873,0.14549
172.80125,1.99750,0.13901,0.71200,0.14899
172.90125,1.99750,0.14328,0.70303,0.15368
173.00125,1.99750,0.14947,0.68939,0.16115
173.10126,1.99750,0.15608,0.67551,0.16842
173.20125,1.99750,0.16381,0.66109,0.17510
173.30125,1.99750,0.17324,0.64384,0.18293
173.40125,1.99750,0.18341,0.62583,0.19076
173.50125,1.99750,0.19199,0.61179,0.19622
173.60126,1.99750,0.19987,0.59898,0.20115
173.70125,1.99750,0.20864,0.58237,0.20899
173.80125,1.99750,0.21607,0.56729,0.21664
173.90125,1.99750,0.22241,0.55491,0.22268
174.00125,1.99750,0.22799,0.54441,0.22760
174.10126,1.99750,0.23122,0.53843,0.23035
174.20125,1.99750,0.22987,0.54180,0.22833
174.30125,1.99750,0.22863,0.54560,0.22577
174.40125,1.99750,0.23057,0.54659,0.22284
174.50125,1.99750,0.23333,0.54792,0.21875
174.60126,1.99750,0.23727,0.54698,0.21574
174.70125,1.99750,0.24006,0.54752,0.21242
174.80125,1.99750,0.24142,0.54961,0.20896
174.90125,1.99750,0.24064,0.55654,0.20282
175.00125,1.99750,0.23912,0.56485,0.19603
175.10126,1.99750,0.23780,0.57223,0.18997
175.20125,1.99750,0.23364,0.58301,0.18336
175.30125,1.99750,0.22874,0.59428,0.17697
175.40125,1.99750,0.22213,0.60824,0.16964
175.50125,1.99750,0.21407,0.62427,0.16166
175.60126,1.99750,0.20715,0.63844,0.15441
175.70125,1.99750,0.20042,0.65230,0.14728
175.80125,1.99750,0.19685,0.66040,0.14274
175.90125,1.99750,0.19348,0.66834,0.13818
176.00125,1.99750,0.19114,0.67492,0.13394
176.10126,1.99750,0.19057,0.67886,0.13057
176.20125,1.99750,0.19260,0.67793,0.12947
176.30125,1.99750,0.19245,0.67923,0.12831
176.40125,1.99750,0.19093,0.68198,0.12709
176.50125,1.99750,0.18908,0.68316,0.12775
176.60126,1.99750,0.18520,0.68739,0.12741
176.70125,1.99750,0.18161,0.69190,0.12649
176.80125,1.99750,0.17737,0.69729,0.12534
176.90125,1.99750,0.17249,0.70326,0.12425
177.00125,1.99750,0.16698,0.71062,0.12240
177.10126,1.99750,0.16294,0.71536,0.12170
177.20125,1.99750,0.15992,0.71767,0.12241
177.30125,1.99750,0.15688,0.71980,0.12333
177.40125,1.99750,0.15530,0.72025,0.12444
177.50125,1.99750,0.15380,0.72019,0.12602
177.60126,1.99750,0.15233,0.72006,0.12762
177.70125,1.99750,0.15065,0.72081,0.12854
177.80125,1.99750,0.14923,0.72210,0.12867
177.90125,1.99750,0.14834,0.72209,0.12957
178.00125,1.99750,0.14788,0.72114,0.13098
178.10126,1.99750,0.14847,0.71919,0.13234
178.20125,1.99750,0.14930,0.71655,0.13415
178.30125,1.99750,0.14966,0.71436,0.13598
178.40125,1.99750,0.14910,0.71420,0.13670
178.50125,1.99750,0.14830,0.71588,0.13582
178.60126,1.99750,0.14741,0.71719,0.13540
178.70125,1.99750,0.14642,0.71824,0.13534
178.80125,1.99750,0.14536,0.71988,0.13476
178.90125,1.99750,0.14447,0.72140,0.13413
179.00125,1.99750,0.14310,0.72373,0.13317
179.10126,1.99750,0.14185,0.72653,0.13162
179.20125,1.99750,0.14082,0.72924,0.12993
179.30125,1.99750,0.13976,0.73153,0.12871
179.40125,1.99750,0.13876,0.73319,0.12804
179.50125,1.99750,0.13796,0.73576,0.12628
179.60126,1.99750,0.13732,0.73779,0.12488
179.70125,1.99750,0.13660,0.73958,0.12382
179.80125,1.99750,0.13542,0.74225,0.12234
179.90125,1.99750,0.13512,0.74340,0.12148
180.00125,1.99750,0.13407,0.74545,0.12048
180.10126,1.99750,0.13302,0.74760,0.11937
180.20125,1.99750,0.13233,0.75003,0.11764
180.30125,1.99750,0.13173,0.75230,0.11597
180.40125,1.99750,0.13122,0.75428,0.11450
180.50125,1.99750,0.12980,0.75777,0.11243
180.60126,1.99750,0.12950,0.75861,0.11188
180.70125,1.99750,0.12897,0.75937,0.11166
180.80125,1.99750,0.12942,0.75898,0.11159
180.90125,1.99750,0.12975,0.75906,0.11119
181.00125,1.99750,0.12986,0.75935,0.11079
181.10126,1.99750,0.12980,0.75973,0.11047
181.20125,1.99750,0.12882,0.76186,0.10932
181.30125,1.99750,0.12961,0.76015,0.11025
181.40125,1.99750,0.12969,0.75872,0.11159
181.50125,1.99750,0.13046,0.75671,0.11283
181.60126,1.99750,0.13077,0.75600,0.11323
181.70125,1.99750,0.13103,0.75511,0.11385
181.80125,1.99750,0.13139,0.75385,0.11475
181.90125,1.99750,0.13042,0.75504,0.11455
182.00125,1.99750,0.13145,0.75267,0.11588
182.10126,1.99750,0.13163,0.75107,0.11730
182.20125,1.99750,0.13301,0.74778,0.11921
182.30125,1.99750,0.13440,0.74463,0.12097
182.40125,1.99750,0.13588,0.74124,0.12288
182.50125,1.99750,0.13722,0.73784,0.12494
182.60126,1.99750,0.13787,0.73624,0.12589
182.70125,1.99750,0.13884,0.73378,0.12738
182.80125,1.99750,0.13945,0.73109,0.12946
182.90125,1.99750,0.14077,0.72760,0.13163
183.00125,1.99750,0.14203,0.72466,0.13331
183.10126,1.99750,0.14322,0.72154,0.13525
183.20125,1.99750,0.14376,0.71950,0.13674
183.30125,1.99750,0.14291,0.72082,0.13626
183.40125,1.99750,0.14271,0.72081,0.13648
183.50125,1.99750,0.14243,0.72025,0.13731
183.60126,1.99750,0.14258,0.71928,0.13814
183.70125,1.99750,0.14263,0.71875,0.13862
183.80125,1.99750,0.14274,0.71809,0.13917
183.90125,1.99750,0.14271,0.71766,0.13964
184.00125,1.99750,0.14160,0.71936,0.13904
184.10126,1.99750,0.14152,0.71913,0.13936
184.20125,1.99750,0.14138,0.71857,0.14005
184.30125,1.99750,0.14184,0.71798,0.14017
184.40125,1.99750,0.14184,0.71847,0.13969
184.50125,1.99750,0.14182,0.71895,0.13923
184.60126,1.99750,0.14163,0.71969,0.13868
184.70125,1.99750,0.14137,0.72110,0.13754
184.80125,1.99750,0.14184,0.72076,0.13740
184.90125,1.99750,0.14178,0.72109,0.13713
185.00125,1.99750,0.14260,0.72079,0.13661
185.10126,1.99750,0.14329,0.72116,0.13555
185.20125,1.99750,0.14376,0.72190,0.13434
185.30125,1.99750,0.14257,0.72491,0.13252
185.40125,1.99750,0.14262,0.72613,0.13124
185.50125,1.99750,0.14233,0.72773,0.12994
185.60126,1.99750,0.14293,0.72750,0.12958
185.70125,1.99750,0.14352,0.72748,0.12901
185.80125,1.99750,0.14483,0.72684,0.12834
185.90125,1.99750,0.14538,0.72719,0.12743
186.00125,1.99750,0.14404,0.73028,0.12567
186.10126,1.99750,0.14280,0.73328,0.12392
186.20125,1.99750,0.14142,0.73599,0.12259
186.30125,1.99750,0.14083,0.73569,0.12348
186.40125,1.99750,0.13984,0.73641,0.12374
186.50125,1.99750,0.13899,0.73757,0.12345
186.60126,1.99750,0.13788,0.73881,0.12331
186.70125,1.99750,0.13770,0.73768,0.12462
186.80125,1.99750,0.13758,0.73620,0.12622
186.90125,1.99750,0.13800,0.73344,0.12856
187.00125,1.99750,0.13872,0.72984,0.13145
187.10126,1.99750,0.13980,0.72516,0.13503
187.20125,1.99750,0.13990,0.72255,0.13755
187.30125,1.99750,0.14045,0.71933,0.14022
187.40125,1.99750,0.14099,0.71590,0.14311
187.50125,1.99750,0.14002,0.71540,0.14459
187.60126,1.99750,0.13954,0.71459,0.14587
187.70125,1.99750,0.13909,0.71454,0.14637
187.80125,1.99750,0.13845,0.71468,0.14688
187.90125,1.99750,0.13849,0.71455,0.14696
188.00125,1.99750,0.13889,0.71419,0.14692
188.10126,1.99750,0.13923,0.71403,0.14675
188.20125,1.99750,0.13813,0.71713,0.14474
188.30125,1.99750,0.13830,0.71884,0.14287
188.40125,1.99750,0.13987,0.71695,0.14318
188.50125,1.99750,0.14216,0.71393,0.14391
188.60126,1.99750,0.14486,0.71170,0.14344
188.70125,1.99750,0.14573,0.71361,0.14066
188.80125,1.99750,0.14565,0.71710,0.13725
188.90125,1.99750,0.14558,0.72097,0.13345
189.00125,1.99750,0.14447,0.72604,0.12950
189.10126,1.99750,0.14357,0.73057,0.12586
189.20125,1.99750,0.14438,0.73192,0.12370
189.30125,1.99750,0.14581,0.73280,0.12138
189.40125,1.99750,0.14633,0.73480,0.11887
189.50125,1.99750,0.14648,0.73686,0.11666
189.60126,1.99750,0.14626,0.73865,0.11509
189.70125,1.99750,0.14586,0.73965,0.11449
189.80125,1.99750,0.14680,0.73742,0.11578
189.90125,1.99750,0.14746,0.73477,0.11776
190.00125,1.99750,0.14771,0.73322,0.11907
190.10126,1.99750,0.14807,0.73077,0.12115
190.20125,1.99750,0.14855,0.72736,0.12409
190.30125,1.99750,0.14840,0.72557,0.12603
190.40125,1.99750,0.14811,0.72461,0.12728
190.50125,1.99750,0.14894,0.72146,0.12959
190.60126,1.99750,0.14822,0.72008,0.13170
190.70125,1.99750,0.14757,0.72001,0.13242
190.80125,1.99750,0.14702,0.72002,0.13296
190.90125,1.99750,0.14647,0.72001,0.13351
191.00125,1.99750,0.14549,0.72152,0.13299
191.10126,1.99750,0.14501,0.72152,0.13347
191.20125,1.99750,0.14463,0.72106,0.13430
191.30125,1.99750,0.14492,0.72005,0.13502
191.40125,1.99750,0.14672,0.71783,0.13545
191.50125,1.99750,0.14909,0.71507,0.13585
191.60126,1.99750,0.15156,0.71247,0.13597
191.70125,1.99750,0.15249,0.71310,0.13441
191.80125,1.99750,0.15471,0.71142,0.13387
191.90125,1.99750,0.15740,0.70862,0.13397
192.00125,1.99750,0.15989,0.70672,0.13339
192.10126,1.99750,0.16267,0.70537,0.13196
192.20125,1.99750,0.16395,0.70622,0.12983
192.30125,1.99750,0.16437,0.70809,0.12754
192.40125,1.99750,0.16273,0.71269,0.12458
192.50125,1.99750,0.16112,0.71677,0.12211
192.60126,1.99750,0.16077,0.71742,0.12180
192.70125,1.99750,0.16052,0.71785,0.12163
192.80125,1.99750,0.16015,0.71854,0.12131
192.90125,1.99750,0.15925,0.71931,0.12144
193.00125,1.99750,0.15825,0.71959,0.12216
193.10126,1.99750,0.15609,0.72195,0.12195
193.20125,1.99750,0.15382,0.72397,0.12221
193.30125,1.99750,0.15228,0.72439,0.12332
193.40125,1.99750,0.15041,0.72540,0.12420
193.50125,1.99750,0.14929,0.72611,0.12460
193.60126,1.99750,0.14804,0.72697,0.12499
193.70125,1.99750,0.14676,0.72799,0.12526
193.80125,1.99750,0.14413,0.73221,0.12366
193.90125,1.99750,0.14196,0.73563,0.12241
194.00125,1.99750,0.14032,0.73763,0.12205
194.10126,1.99750,0.13969,0.73834,0.12197
194.20125,1.99750,0.14100,0.73660,0.12240
194.30125,1.99750,0.14258,0.73461,0.12281
194.40125,1.99750,0.14405,0.73301,0.12293
194.50125,1.99750,0.14433,0.73363,0.12204
194.60126,1.99750,0.14506,0.73340,0.12154
194.70125,1.99750,0.14768,0.72958,0.12274
194.80125,1.99750,0.14984,0.72662,0.12354
194.90125,1.99750,0.15241,0.72391,0.12368
195.00125,1.99750,0.15408,0.72265,0.12327
195.10126,1.99750,0.15519,0.72205,0.12276
195.20125,1.99750,0.15509,0.72282,0.12209
195.30125,1.99750,0.15426,0.72508,0.12066
195.40125,1.99750,0.15397,0.72646,0.11957
195.50125,1.99750,0.15348,0.72735,0.11918
195.60126,1.99750,0.15370,0.72775,0.11855
195.70125,1.99750,0.15369,0.72820,0.11811
195.80125,1.99750,0.15314,0.72914,0.11772
195.90125,1.99750,0.15120,0.73225,0.11655
196.00125,1.99750,0.14970,0.73486,0.11543
196.10126,1.99750,0.14937,0.73449,0.11614
196.20125,1.99750,0.14848,0.73492,0.11660
196.30125,1.99750,0.14883,0.73406,0.11711
196.40125,1.99750,0.14889,0.73363,0.11748
196.50125,1.99750,0.14861,0.73370,0.11769
196.60126,1.99750,0.14716,0.73616,0.11669
196.70125,1.99750,0.14775,0.73539,0.11686
196.80125,1.99750,0.14813,0.73443,0.11744
196.90125,1.99750,0.14848,0.73353,0.11800
197.00125,1.99750,0.14920,0.73255,0.11825
197.10126,1.99750,0.14959,0.73214,0.11827
197.20125,1.99750,0.14994,0.73190,0.11817
197.30125,1.99750,0.15008,0.73175,0.11817
197.40125,1.99750,0.15039,0.73143,0.11818
197.50125,1.99750,0.15024,0.73173,0.11803
197.60126,1.99750,0.15060,0.73130,0.11810
197.70125,1.99750,0.15113,0.73069,0.11818
197.80125,1.99750,0.15142,0.73037,0.11820
197.90125,1.99750,0.15143,0.73019,0.11838
198.00125,1.99750,0.14951,0.73347,0.11703
198.10126,1.99750,0.14888,0.73440,0.11673
198.20125,1.99750,0.14806,0.73546,0.11648
198.30125,1.99750,0.14780,0.73584,0.11636
198.40125,1.99750,0.14740,0.73643,0.11617
198.50125,1.99750,0.14673,0.73737,0.11591
198.60126,1.99750,0.14617,0.73817,0.11566
198.70125,1.99750,0.14481,0.74032,0.11487
198.80125,1.99750,0.14348,0.74281,0.11371
198.90125,1.99750,0.14189,0.74527,0.11285
199.00125,1.99750,0.14187,0.74577,0.11236
199.10126,1.99750,0.14179,0.74603,0.11218
199.20125,1.99750,0.14134,0.74644,0.11222
199.30125,1.99750,0.14064,0.74708,0.11228
199.40125,1.99750,0.14054,0.74663,0.11283
199.50125,1.99750,0.14013,0.74652,0.11335
199.60126,1.99750,0.13915,0.74706,0.11379
199.70125,1.99750,0.13855,0.74767,0.11378
199.80125,1.99750,0.13829,0.74767,0.11404
199.90125,1.99750,0.13791,0.74767,0.11442
200.00125,1.99750,0.13727,0.74851,0.11422
200.10126,1.99750,0.13718,0.74837,0.11446
200.20125,1.99750,0.13718,0.74770,0.11512
200.30125,1.99750,0.13679,0.74760,0.11561
200.40125,1.99750,0.13752,0.74634,0.11613
200.50125,1.99750,0.13855,0.74468,0.11677
200.60126,1.99750,0.13914,0.74369,0.11717
200.70125,1.99750,0.13959,0.74333,0.11708
200.80125,1.99750,0.14096,0.74075,0.11829
200.90125,1.99750,0.14185,0.73791,0.12024
201.00125,1.99750,0.14321,0.73504,0.12175
201.10126,1.99750,0.14506,0.73227,0.12268
201.20125,1.99750,0.14658,0.73004,0.12338
201.30125,1.99750,0.14768,0.72849,0.12383
201.40125,1.99750,0.14781,0.72857,0.12362
201.50125,1.99750,0.14852,0.72729,0.12419
201.60126,1.99750,0.14865,0.72593,0.12542
201.70125,1.99750,0.14903,0.72484,0.12613
201.80125,1.99750,0.14877,0.72438,0.12685
201.90125,1.99750,0.14930,0.72192,0.12879
202.00125,1.99750,0.15122,0.71624,0.13253
202.10126,1.99750,0.15278,0.71146,0.13575
202.20125,1.99750,0.15558,0.70543,0.13899
202.30125,1.99750,0.15715,0.70005,0.14280
202.40125,1.99750,0.15788,0.69631,0.14581
202.50125,1.99750,0.15840,0.69273,0.14887
202.60126,1.99750,0.15880,0.68904,0.15216
202.70125,1.99750,0.15861,0.68632,0.15507
202.80125,1.99750,0.15611,0.68932,0.15457
202.90125,1.99750,0.15459,0.69120,0.15421
203.00125,1.99750,0.15309,0.69180,0.15510
203.10126,1.99750,0.15299,0.69132,0.15569
203.20125,1.99750,0.15398,0.69035,0.15567
203.30125,1.99750,0.15547,0.68874,0.15579
203.40125,1.99750,0.15771,0.68631,0.15598
203.50125,1.99750,0.16036,0.68400,0.15565
203.60126,1.99750,0.16421,0.68009,0.15570
203.70125,1.99750,0.16954,0.67287,0.15758
203.80125,1.99750,0.17572,0.66593,0.15835
203.90125,1.99750,0.18178,0.66066,0.15757
204.00125,1.99750,0.18594,0.65906,0.15500
204.10126,1.99750,0.18945,0.65870,0.15185
204.20125,1.99750,0.19097,0.65969,0.14933
204.30125,1.99750,0.19354,0.65895,0.14751
204.40125,1.99750,0.19684,0.65670,0.14646
204.50125,1.99750,0.20061,0.65434,0.14505
204.60126,1.99750,0.20515,0.65148,0.14337
204.70125,1.99750,0.20920,0.64876,0.14204
204.80125,1.99750,0.21331,0.64510,0.14158
204.90125,1.99750,0.21480,0.64476,0.14044
205.00125,1.99750,0.21740,0.64166,0.14094
205.10126,1.99750,0.21747,0.64090,0.14163
205.20125,1.99750,0.21833,0.63949,0.14219
205.30125,1.99750,0.21744,0.64014,0.14242
205.40125,1.99750,0.21515,0.64249,0.14236
205.50125,1.99750,0.21178,0.64590,0.14231
205.60126,1.99750,0.20866,0.64887,0.14247
205.70125,1.99750,0.20512,0.65235,0.14254
205.80125,1.99750,0.20175,0.65608,0.14217
205.90125,1.99750,0.19679,0.66197,0.14124
206.00125,1.99750,0.19206,0.66765,0.14029
206.10126,1.99750,0.18792,0.67255,0.13953
206.20125,1.99750,0.18505,0.67483,0.14012
206.30125,1.99750,0.18185,0.67870,0.13945
206.40125,1.99750,0.17970,0.68167,0.13863
206.50125,1.99750,0.17784,0.68411,0.13805
206.60126,1.99750,0.17613,0.68624,0.13763
206.70125,1.99750,0.17569,0.68674,0.13757
206.80125,1.99750,0.17605,0.68496,0.13899
206.90125,1.99750,0.17507,0.68576,0.13917
207.00125,1.99750,0.17523,0.68580,0.13897
207.10126,1.99750,0.17537,0.68578,0.13885
207.20125,1.99750,0.17467,0.68641,0.13892
207.30125,1.99750,0.17435,0.68646,0.13920
207.40125,1.99750,0.17548,0.68332,0.14120
207.50125,1.99750,0.17570,0.68193,0.14237
207.60126,1.99750,0.17497,0.68285,0.14218
207.70125,1.99750,0.17350,0.68485,0.14164
207.80125,1.99750,0.17128,0.68708,0.14164
207.90125,1.99750,0.16977,0.68854,0.14169
208.00125,1.99750,0.16994,0.68674,0.14332
208.10126,1.99750,0.16947,0.68629,0.14424
208.20125,1.99750,0.16877,0.68709,0.14414
208.30125,1.99750,0.16733,0.68884,0.14383
208.40125,1.99750,0.16441,0.69193,0.14366
208.50125,1.99750,0.16157,0.69501,0.14342
208.60126,1.99750,0.16004,0.69584,0.14412
208.70125,1.99750,0.15826,0.69773,0.14401
208.80125,1.99750,0.15773,0.69911,0.14316
208.90125,1.99750,0.15744,0.69993,0.14262
209.00125,1.99750,0.15680,0.70068,0.14252
209.10126,1.99750,0.15691,0.70053,0.14256
209.20125,1.99750,0.15749,0.69978,0.14273
209.30125,1.99750,0.15859,0.69863,0.14278
209.40125,1.99750,0.15929,0.69919,0.14153
209.50125,1.99750,0.16136,0.69762,0.14102
209.60126,1.99750,0.16322,0.69620,0.14058
209.70125,1.99750,0.16537,0.69409,0.14053
209.80125,1.99750,0.16748,0.69208,0.14044
209.90125,1.99750,0.17000,0.68927,0.14072
210.00125,1.99750,0.17105,0.68928,0.13967
210.10126,1.99750,0.17251,0.68850,0.13899
210.20125,1.99750,0.17289,0.68890,0.13821
210.30125,1.99750,0.17237,0.68922,0.13841
210.40125,1.99750,0.17246,0.68823,0.13931
210.50125,1.99750,0.17577,0.68106,0.14317
210.60126,1.99750,0.18120,0.67054,0.14826
210.70125,1.99750,0.18964,0.65541,0.15495
210.80125,1.99750,0.19859,0.64016,0.16125
210.90125,1.99750,0.20856,0.62497,0.16647
211.00125,1.99750,0.21982,0.60968,0.17051
211.10126,1.99750,0.23163,0.59411,0.17426
211.20125,1.99750,0.24743,0.57426,0.17831
211.30125,1.99750,0.26536,0.55179,0.18285
211.40125,1.99750,0.28195,0.53182,0.18624
211.50125,1.99750,0.29535,0.51602,0.18863
211.60126,1.99750,0.30709,0.50177,0.19114
211.70125,1.99750,0.31839,0.48716,0.19444
211.80125,1.99750,0.32879,0.47162,0.19959
211.90125,1.99750,0.33810,0.45683,0.20506
212.00125,1.99750,0.34458,0.44370,0.21172
212.10126,1.99750,0.34590,0.43720,0.21690
212.20125,1.99750,0.34639,0.43369,0.21993
212.30125,1.99750,0.35154,0.42718,0.22128
212.40125,1.99750,0.35991,0.42254,0.21755
212.50125,1.99750,0.36908,0.41676,0.21416
212.60126,1.99750,0.37498,0.41435,0.21067
212.70125,1.99750,0.37929,0.41272,0.20799
212.80125,1.99750,0.38262,0.41031,0.20707
212.90125,1.99750,0.38446,0.40753,0.20801
213.00125,1.99750,0.38533,0.40501,0.20965
213.10126,1.99750,0.38439,0.40352,0.21209
213.20125,1.99750,0.37845,0.40814,0.21341
213.30125,1.99750,0.36860,0.41815,0.21325
213.40125,1.99750,0.35747,0.42972,0.21282
213.50125,1.99750,0.34764,0.44064,0.21172
213.60126,1.99750,0.33726,0.45296,0.20978
213.70125,1.99750,0.32467,0.46785,0.20748
213.80125,1.99750,0.31076,0.48523,0.20401
213.90125,1.99750,0.29849,0.50232,0.19919
214.00125,1.99750,0.29015,0.51458,0.19527
214.10126,1.99750,0.28920,0.51767,0.19314
214.20125,1.99750,0.28911,0.51762,0.19327
214.30125,1.99750,0.28734,0.51903,0.19362
214.40125,1.99750,0.28173,0.52506,0.19321
214.50125,1.99750,0.27424,0.53594,0.18983
214.60126,1.99750,0.26778,0.54576,0.18647
214.70125,1.99750,0.26190,0.55602,0.18208
214.80125,1.99750,0.25616,0.56493,0.17891
214.90125,1.99750,0.25202,0.57131,0.17667
215.00125,1.99750,0.25001,0.57393,0.17607
215.10126,1.99750,0.24892,0.57514,0.17594
215.20125,1.99750,0.24863,0.57503,0.17633
215.30125,1.99750,0.25140,0.57144,0.17716
215.40125,1.99750,0.25612,0.56461,0.17927
215.50125,1.99750,0.26050,0.55763,0.18187
215.60126,1.99750,0.26853,0.54713,0.18435
215.70125,1.99750,0.28097,0.53198,0.18705
215.80125,1.99750,0.29462,0.51697,0.18841
215.90125,1.99750,0.30758,0.50351,0.18891
216.00125,1.99750,0.31675,0.49462,0.18863
216.10126,1.99750,0.32581,0.48543,0.18876
216.20125,1.99750,0.33234,0.47935,0.18831
216.30125,1.99750,0.33687,0.47538,0.18774
216.40125,1.99750,0.33894,0.47425,0.18681
216.50125,1.99750,0.33705,0.47678,0.18618
216.60126,1.99750,0.33158,0.48270,0.18572
216.70125,1.99750,0.32550,0.48932,0.18518
216.80125,1.99750,0.31762,0.49758,0.18479
216.90125,1.99750,0.30833,0.50803,0.18364
217.00125,1.99750,0.29746,0.52120,0.18135
217.10126,1.99750,0.28599,0.53445,0.17955
217.20125,1.99750,0.27339,0.54883,0.17778
217.30125,1.99750,0.25995,0.56415,0.17590
217.40125,1.99750,0.24943,0.57578,0.17479
217.50125,1.99750,0.24002,0.58490,0.17508
217.60126,1.99750,0.23055,0.59378,0.17566
217.70125,1.99750,0.22225,0.60065,0.17710
217.80125,1.99750,0.21558,0.60465,0.17977
217.90125,1.99750,0.21024,0.60709,0.18267
218.00125,1.99750,0.20556,0.60866,0.18579
218.10126,1.99750,0.20286,0.60788,0.18926
218.20125,1.99750,0.20047,0.60624,0.19330
218.30125,1.99750,0.19746,0.60512,0.19741
218.40125,1.99750,0.19575,0.60208,0.20217
218.50125,1.99750,0.19465,0.59865,0.20669
218.60126,1.99750,0.19329,0.59707,0.20965
218.70125,1.99750,0.19300,0.59646,0.21055
218.80125,1.99750,0.19289,0.59595,0.21115
218.90125,1.99750,0.19399,0.59399,0.21202
219.00125,1.99750,0.19599,0.59197,0.21205
219.10126,1.99750,0.19918,0.58968,0.21115
219.20125,1.99750,0.20362,0.58625,0.21013
219.30125,1.99750,0.20861,0.58196,0.20943
219.40125,1.99750,0.21237,0.58132,0.20631
219.50125,1.99750,0.21606,0.58074,0.20319
219.60126,1.99750,0.21901,0.58200,0.19898
219.70125,1.99750,0.22028,0.58598,0.19374
219.80125,1.99750,0.21868,0.59244,0.18888
219.90125,1.99750,0.21498,0.60014,0.18488
220.00125,1.99750,0.21104,0.60732,0.18164
220.10126,1.99750,0.20692,0.61480,0.17828
220.20125,1.99750,0.20632,0.61709,0.17659
220.30125,1.99750,0.20556,0.61998,0.17446
220.40125,1.99750,0.20567,0.62222,0.17211
220.50125,1.99750,0.20617,0.62355,0.17028
220.60126,1.99750,0.20704,0.62317,0.16980
220.70125,1.99750,0.20619,0.62497,0.16884
220.80125,1.99750,0.20607,0.62533,0.16860
220.90125,1.99750,0.20552,0.62501,0.16947
221.00125,1.99750,0.20452,0.62497,0.17051
221.10126,1.99750,0.20370,0.62484,0.17146
221.20125,1.99750,0.20383,0.62431,0.17185
221.30125,1.99750,0.20247,0.62531,0.17222
221.40125,1.99750,0.19922,0.62917,0.17160
221.50125,1.99750,0.19506,0.63389,0.17104
221.60126,1.99750,0.19012,0.63934,0.17054
221.70125,1.99750,0.18763,0.64154,0.17083
221.80125,1.99750,0.18644,0.64239,0.17116
221.90125,1.99750,0.18650,0.64206,0.17144
222.00125,1.99750,0.18778,0.63918,0.17304
222.10126,1.99750,0.19100,0.63186,0.17714
222.20125,1.99750,0.19381,0.62580,0.18039
222.30125,1.99750,0.19759,0.61754,0.18487
222.40125,1.99750,0.20234,0.60693,0.19074
222.50125,1.99750,0.20783,0.59538,0.19680
222.60126,1.99750,0.21369,0.58332,0.20299
222.70125,1.99750,0.21872,0.57190,0.20938
222.80125,1.99750,0.22200,0.56247,0.21553
222.90125,1.99750,0.22332,0.55656,0.22012
223.00125,1.99750,0.22409,0.55107,0.22485
223.10126,1.99750,0.22311,0.54662,0.23027
223.20125,1.99750,0.22002,0.54595,0.23403
223.30125,1.99750,0.21885,0.54445,0.23670
223.40125,1.99750,0.22049,0.54244,0.23707
223.50125,1.99750,0.22645,0.53628,0.23727
223.60126,1.99750,0.23473,0.52779,0.23748
223.70125,1.99750,0.24316,0.52023,0.23661
223.80125,1.99750,0.25408,0.50934,0.23657
223.90125,1.99750,0.26646,0.49568,0.23786
224.00125,1.99750,0.27818,0.48475,0.23708
224.10126,1.99750,0.28806,0.47715,0.23479
224.20125,1.99750,0.29768,0.46965,0.23266
224.30125,1.99750,0.30696,0.46334,0.22970
224.40125,1.99750,0.31501,0.45911,0.22588
224.50125,1.99750,0.32195,0.45655,0.22150
224.60126,1.99750,0.32822,0.45467,0.21710
224.70125,1.99750,0.33487,0.45283,0.21230
224.80125,1.99750,0.34060,0.45165,0.20775
224.90125,1.99750,0.34415,0.45334,0.20251
225.00125,1.99750,0.34585,0.45747,0.19667
225.10126,1.99750,0.34297,0.46579,0.19124
225.20125,1.99750,0.34139,0.46909,0.18952
225.30125,1.99750,0.34027,0.46852,0.19120
225.40125,1.99750,0.33944,0.46499,0.19557
225.50125,1.99750,0.33348,0.46708,0.19944
225.60126,1.99750,0.32705,0.46951,0.20344
225.70125,1.99750,0.31915,0.47379,0.20706
225.80125,1.99750,0.30849,0.48186,0.20965
225.90125,1.99750,0.29695,0.49110,0.21195
226.00125,1.99750,0.28444,0.50312,0.21244
226.10126,1.99750,0.27096,0.51793,0.21110
226.20125,1.99750,0.25852,0.53241,0.20907
226.30125,1.99750,0.24822,0.54549,0.20629
226.40125,1.99750,0.24048,0.55568,0.20384
226.50125,1.99750,0.23682,0.56128,0.20190
226.60126,1.99750,0.23425,0.56507,0.20068
226.70125,1.99750,0.23384,0.56600,0.20017
226.80125,1.99750,0.23470,0.56473,0.20057
226.90125,1.99750,0.23847,0.55863,0.20290
227.00125,1.99750,0.24335,0.55153,0.20512
227.10126,1.99750,0.25322,0.53946,0.20732
227.20125,1.99750,0.26435,0.52758,0.20807
227.30125,1.99750,0.27341,0.52085,0.20574
227.40125,1.99750,0.28081,0.51688,0.20232
227.50125,1.99750,0.28763,0.51290,0.19947
227.60126,1.99750,0.29465,0.50851,0.19684
227.70125,1.99750,0.30028,0.50600,0.19372
227.80125,1.99750,0.30742,0.50211,0.19048
227.90125,1.99750,0.31601,0.49638,0.18761
228.00125,1.99750,0.32775,0.48522,0.18703
228.10126,1.99750,0.34267,0.46894,0.18839
228.20125,1.99750,0.35442,0.45585,0.18974
228.30125,1.99750,0.36324,0.44577,0.19099
228.40125,1.99750,0.36317,0.44555,0.19128
228.50125,1.99750,0.35752,0.45185,0.19063
228.60126,1.99750,0.34821,0.46237,0.18943
228.70125,1.99750,0.33668,0.47500,0.18833
228.80125,1.99750,0.32321,0.49006,0.18674
228.90125,1.99750,0.30999,0.50613,0.18388
229.00125,1.99750,0.30213,0.51500,0.18287
229.10126,1.99750,0.30075,0.51618,0.18307
229.20125,1.99750,0.29577,0.52214,0.18210
229.30125,1.99750,0.28984,0.52842,0.18174
229.40125,1.99750,0.28416,0.53347,0.18237
229.50125,1.99750,0.27485,0.54218,0.18296
229.60126,1.99750,0.26492,0.55274,0.18234
229.70125,1.99750,0.25727,0.55841,0.18432
229.80125,1.99750,0.24850,0.56625,0.18525
229.90125,1.99750,0.23878,0.57557,0.18565
230.00125,1.99750,0.22893,0.58517,0.18590
230.10126,1.99750,0.22381,0.58897,0.18721
230.20125,1.99750,0.21853,0.59300,0.18847
230.30125,1.99750,0.21120,0.60033,0.18847
230.40125,1.99750,0.20590,0.60526,0.18883
230.50125,1.99750,0.20466,0.60370,0.19164
230.60126,1.99750,0.20755,0.59918,0.19327
230.70125,1.99750,0.21844,0.58421,0.19736
230.80125,1.99750,0.23174,0.56561,0.20265
230.90125,1.99750,0.24567,0.54423,0.21010
231.00125,1.99750,0.25200,0.53103,0.21697
231.10126,1.99750,0.26023,0.52044,0.21933
231.20125,1.99750,0.27594,0.50263,0.22143
231.30125,1.99750,0.30106,0.47744,0.22150
231.40125,1.99750,0.32553,0.45534,0.21913
231.50125,1.99750,0.34526,0.43620,0.21854
231.60126,1.99750,0.35938,0.41933,0.22130
231.70125,1.99750,0.37404,0.40365,0.22231
231.80125,1.99750,0.38885,0.38910,0.22205
231.90125,1.99750,0.40145,0.37935,0.21920
232.00125,1.99750,0.40607,0.37963,0.21430
232.10126,1.99750,0.39789,0.39144,0.21067
232.20125,1.99750,0.38911,0.40204,0.20886
232.30125,1.99750,0.39188,0.39537,0.21275
232.40125,1.99750,0.39300,0.39268,0.21432
232.50125,1.99750,0.39503,0.38797,0.21700
232.60126,1.99750,0.39047,0.38765,0.22188
232.70125,1.99750,0.38280,0.39161,0.22559
232.80125,1.99750,0.37598,0.39594,0.22807
232.90125,1.99750,0.36962,0.40223,0.22815
233.00125,1.99750,0.36283,0.40784,0.22934
233.10126,1.99750,0.35094,0.41601,0.23306
233.20125,1.99750,0.33069,0.43036,0.23895
233.30125,1.99750,0.30613,0.44879,0.24509
233.40125,1.99750,0.28772,0.46198,0.25030
233.50125,1.99750,0.27758,0.47036,0.25206
233.60126,1.99750,0.27291,0.47521,0.25188
233.70125,1.99750,0.26750,0.47785,0.25465
233.80125,1.99750,0.25978,0.48172,0.25850
233.90125,1.99750,0.25381,0.48493,0.26126
234.00125,1.99750,0.25479,0.47989,0.26532
234.10126,1.99750,0.26403,0.46680,0.26918
234.20125,1.99750,0.27420,0.45482,0.27099
234.30125,1.99750,0.28166,0.44407,0.27428
234.40125,1.99750,0.28931,0.43436,0.27632
234.50125,1.99750,0.29699,0.42702,0.27599
234.60126,1.99750,0.30219,0.42059,0.27722
234.70125,1.99750,0.30202,0.42025,0.27773
234.80125,1.99750,0.29791,0.42682,0.27528
234.90125,1.99750,0.28957,0.44011,0.27032
235.00125,1.99750,0.28070,0.45692,0.26237
235.10126,1.99750,0.27268,0.47294,0.25438
235.20125,1.99750,0.26682,0.48672,0.24646
235.30125,1.99750,0.26379,0.49764,0.23857
235.40125,1.99750,0.26181,0.50777,0.23042
235.50125,1.99750,0.25777,0.52010,0.22213
235.60126,1.99750,0.25296,0.53293,0.21411
235.70125,1.99750,0.25039,0.54119,0.20842
235.80125,1.99750,0.24946,0.54760,0.20295
235.90125,1.99750,0.24834,0.55515,0.19651
236.00125,1.99750,0.24532,0.56499,0.18969
236.10126,1.99750,0.23714,0.58156,0.18130
236.20125,1.99750,0.22604,0.60106,0.17290
236.30125,1.99750,0.21492,0.62078,0.16430
236.40125,1.99750,0.20453,0.63750,0.15797
236.50125,1.99750,0.19286,0.65594,0.15120
236.60126,1.99750,0.18302,0.67366,0.14332
236.70125,1.99750,0.17710,0.68595,0.13694
236.80125,1.99750,0.17413,0.69420,0.13167
236.90125,1.99750,0.17303,0.69778,0.12919
