Time (seconds), Duration (seconds),pred_unlabelled,pred_Normal,pred_Noise
0.00125,1.99750,0.03550,0.90673,0.05777
0.10125,1.99750,0.05824,0.84889,0.09288
0.20125,1.99750,0.15735,0.60582,0.23684
0.30125,1.99750,0.21459,0.06452,0.72089
0.40125,1.99750,0.15743,0.00356,0.83901
0.50125,1.99750,0.12533,0.00034,0.87433
0.60125,1.99750,0.09842,0.00005,0.90153
0.70125,1.99750,0.08014,0.00001,0.91985
0.80125,1.99750,0.06801,0.00000,0.93198
0.90125,1.99750,0.05948,0.00000,0.94052
1.00125,1.99750,0.05336,0.00000,0.94664
1.10125,1.99750,0.04850,0.00000,0.95150
1.20125,1.99750,0.04452,0.00000,0.95548
1.30125,1.99750,0.04138,0.00000,0.95862
1.40125,1.99750,0.03886,0.00000,0.96114
1.50125,1.99750,0.03685,0.00000,0.96315
1.60125,1.99750,0.03519,0.00000,0.96481
1.70125,1.99750,0.03379,0.00000,0.96621
1.80125,1.99750,0.03254,0.00000,0.96746
1.90125,1.99750,0.03128,0.00000,0.96872
2.00125,1.99750,0.03002,0.00000,0.96998
2.10125,1.99750,0.02881,0.00000,0.97119
2.20125,1.99750,0.02762,0.00000,0.97238
2.30125,1.99750,0.02647,0.00000,0.97353
2.40125,1.99750,0.02538,0.00000,0.97462
2.50125,1.99750,0.02435,0.00000,0.97565
2.60125,1.99750,0.02336,0.00000,0.97664
2.70125,1.99750,0.02240,0.00000,0.97760
2.80125,1.99750,0.02151,0.00000,0.97849
2.90125,1.99750,0.02065,0.00000,0.97935
3.00125,1.99750,0.01984,0.00000,0.98016
3.10125,1.99750,0.01908,0.00000,0.98092
3.20125,1.99750,0.01838,0.00000,0.98162
3.30125,1.99750,0.01772,0.00000,0.98228
3.40125,1.99750,0.01709,0.00000,0.98291
3.50125,1.99750,0.01647,0.00000,0.98353
3.60125,1.99750,0.01588,0.00000,0.98412
3.70125,1.99750,0.01533,0.00000,0.98467
3.80125,1.99750,0.01485,0.00000,0.98515
3.90125,1.99750,0.01443,0.00000,0.98557
4.00125,1.99750,0.01409,0.00000,0.98591
4.10125,1.99750,0.01380,0.00000,0.98620
4.20125,1.99750,0.01356,0.00000,0.98644
4.30125,1.99750,0.01336,0.00000,0.98664
4.40125,1.99750,0.01321,0.00000,0.98679
4.50125,1.99750,0.01312,0.00000,0.98688
4.60125,1.99750,0.01308,0.00000,0.98692
4.70125,1.99750,0.01307,0.00000,0.98693
4.80125,1.99750,0.01307,0.00000,0.98693
4.90125,1.99750,0.01311,0.00000,0.98689
5.00125,1.99750,0.01318,0.00000,0.98682
5.10125,1.99750,0.01326,0.00000,0.98674
5.20125,1.99750,0.01337,0.00000,0.98663
5.30125,1.99750,0.01350,0.00000,0.98650
5.40125,1.99750,0.01365,0.00000,0.98635
5.50125,1.99750,0.01384,0.00000,0.98616
5.60125,1.99750,0.01407,0.00000,0.98593
5.70125,1.99750,0.01433,0.00000,0.98567
5.80125,1.99750,0.01460,0.00000,0.98540
5.90125,1.99750,0.01490,0.00000,0.98510
6.00125,1.99750,0.01522,0.00000,0.98478
6.10125,1.99750,0.01555,0.00000,0.98445
6.20125,1.99750,0.01590,0.00000,0.98410
6.30125,1.99750,0.01623,0.00000,0.98377
6.40125,1.99750,0.01656,0.00000,0.98344
6.50125,1.99750,0.01684,0.00000,0.98316
6.60125,1.99750,0.01708,0.00000,0.98292
6.70125,1.99750,0.01731,0.00000,0.98269
6.80125,1.99750,0.01755,0.00000,0.98245
6.90125,1.99750,0.01782,0.00000,0.98218
7.00125,1.99750,0.01810,0.00000,0.98190
7.10125,1.99750,0.01838,0.00000,0.98162
7.20125,1.99750,0.01865,0.00000,0.98135
7.30125,1.99750,0.01893,0.00000,0.98107
7.40125,1.99750,0.01919,0.00000,0.98081
7.50125,1.99750,0.01944,0.00000,0.98056
7.60125,1.99750,0.01971,0.00000,0.98029
7.70125,1.99750,0.02002,0.00000,0.97998
7.80125,1.99750,0.02037,0.00000,0.97963
7.90125,1.99750,0.02075,0.00000,0.97925
8.00125,1.99750,0.02114,0.00000,0.97886
8.10125,1.99750,0.02160,0.00000,0.97840
8.20125,1.99750,0.02216,0.00000,0.97784
8.30125,1.99750,0.02277,0.00000,0.97723
8.40125,1.99750,0.02337,0.00000,0.97663
8.50125,1.99750,0.02393,0.00000,0.97607
8.60125,1.99750,0.02446,0.00000,0.97554
8.70125,1.99750,0.02495,0.00000,0.97505
8.80125,1.99750,0.02535,0.00000,0.97465
8.90125,1.99750,0.02568,0.00000,0.97432
9.00125,1.99750,0.02601,0.00000,0.97399
9.10125,1.99750,0.02631,0.00000,0.97369
9.20125,1.99750,0.02656,0.00000,0.97344
9.30125,1.99750,0.02678,0.00000,0.97322
9.40125,1.99750,0.02692,0.00000,0.97308
9.50125,1.99750,0.02698,0.00000,0.97302
9.60125,1.99750,0.02694,0.00000,0.97306
9.70125,1.99750,0.02680,0.00000,0.97320
9.80125,1.99750,0.02658,0.00000,0.97342
9.90125,1.99750,0.02624,0.00000,0.97376
10.00125,1.99750,0.02576,0.00000,0.97424
10.10125,1.99750,0.02515,0.00000,0.97485
10.20125,1.99750,0.02447,0.00000,0.97553
10.30125,1.99750,0.02375,0.00000,0.97625
10.40125,1.99750,0.02304,0.00000,0.97696
10.50125,1.99750,0.02235,0.00000,0.97765
10.60125,1.99750,0.02168,0.00000,0.97832
10.70125,1.99750,0.02104,0.00000,0.97896
10.80125,1.99750,0.02039,0.00000,0.97961
10.90125,1.99750,0.01974,0.00000,0.98026
11.00125,1.99750,0.01908,0.00000,0.98092
11.10125,1.99750,0.01844,0.00000,0.98156
11.20125,1.99750,0.01783,0.00000,0.98217
11.30125,1.99750,0.01724,0.00000,0.98276
11.40125,1.99750,0.01666,0.00000,0.98334
11.50125,1.99750,0.01612,0.00000,0.98388
11.60125,1.99750,0.01560,0.00000,0.98440
11.70125,1.99750,0.01514,0.00000,0.98486
11.80125,1.99750,0.01473,0.00000,0.98527
11.90125,1.99750,0.01437,0.00000,0.98563
12.00125,1.99750,0.01404,0.00000,0.98596
12.10125,1.99750,0.01376,0.00000,0.98624
12.20125,1.99750,0.01355,0.00000,0.98645
12.30125,1.99750,0.01340,0.00000,0.98660
12.40125,1.99750,0.01330,0.00000,0.98670
12.50125,1.99750,0.01326,0.00000,0.98674
12.60125,1.99750,0.01324,0.00000,0.98676
12.70125,1.99750,0.01325,0.00000,0.98675
12.80125,1.99750,0.01329,0.00000,0.98671
12.90125,1.99750,0.01337,0.00000,0.98663
13.00125,1.99750,0.01347,0.00000,0.98653
13.10125,1.99750,0.01361,0.00000,0.98639
13.20125,1.99750,0.01376,0.00000,0.98624
13.30125,1.99750,0.01393,0.00000,0.98607
13.40125,1.99750,0.01411,0.00000,0.98589
13.50125,1.99750,0.01431,0.00000,0.98569
13.60125,1.99750,0.01453,0.00000,0.98547
13.70125,1.99750,0.01476,0.00000,0.98524
13.80125,1.99750,0.01502,0.00000,0.98498
13.90125,1.99750,0.01529,0.00000,0.98471
14.00125,1.99750,0.01558,0.00000,0.98442
14.10125,1.99750,0.01585,0.00000,0.98415
14.20125,1.99750,0.01611,0.00000,0.98389
14.30125,1.99750,0.01636,0.00000,0.98364
14.40125,1.99750,0.01660,0.00000,0.98340
14.50125,1.99750,0.01684,0.00000,0.98316
14.60125,1.99750,0.01706,0.00000,0.98294
14.70125,1.99750,0.01725,0.00000,0.98275
14.80125,1.99750,0.01743,0.00000,0.98257
14.90125,1.99750,0.01760,0.00000,0.98240
15.00125,1.99750,0.01775,0.00000,0.98224
15.10125,1.99750,0.01788,0.00000,0.98212
15.20125,1.99750,0.01799,0.00000,0.98201
15.30125,1.99750,0.01808,0.00000,0.98192
15.40125,1.99750,0.01817,0.00000,0.98183
15.50125,1.99750,0.01825,0.00000,0.98175
15.60125,1.99750,0.01833,0.00000,0.98167
15.70125,1.99750,0.01841,0.00000,0.98159
15.80125,1.99750,0.01849,0.00000,0.98151
15.90125,1.99750,0.01855,0.00000,0.98145
16.00125,1.99750,0.01861,0.00000,0.98139
16.10125,1.99750,0.01866,0.00000,0.98134
16.20125,1.99750,0.01870,0.00000,0.98130
16.30125,1.99750,0.01877,0.00000,0.98123
16.40125,1.99750,0.01886,0.00000,0.98114
16.50125,1.99750,0.01899,0.00000,0.98101
16.60125,1.99750,0.01915,0.00000,0.98085
16.70125,1.99750,0.01936,0.00000,0.98064
16.80125,1.99750,0.01961,0.00000,0.98039
16.90125,1.99750,0.01991,0.00000,0.98009
17.00125,1.99750,0.02024,0.00000,0.97976
17.10125,1.99750,0.02063,0.00000,0.97937
17.20125,1.99750,0.02103,0.00000,0.97897
17.30125,1.99750,0.02147,0.00000,0.97853
17.40125,1.99750,0.02194,0.00000,0.97806
17.50125,1.99750,0.02244,0.00000,0.97756
17.60125,1.99750,0.02295,0.00000,0.97705
17.70125,1.99750,0.02345,0.00000,0.97655
17.80125,1.99750,0.02395,0.00000,0.97605
17.90125,1.99750,0.02446,0.00000,0.97554
18.00125,1.99750,0.02496,0.00000,0.97504
18.10125,1.99750,0.02544,0.00000,0.97456
18.20125,1.99750,0.02584,0.00000,0.97416
18.30125,1.99750,0.02619,0.00000,0.97381
18.40125,1.99750,0.02647,0.00000,0.97353
18.50125,1.99750,0.02668,0.00000,0.97332
18.60125,1.99750,0.02685,0.00000,0.97315
18.70125,1.99750,0.02695,0.00000,0.97305
18.80125,1.99750,0.02700,0.00000,0.97300
18.90125,1.99750,0.02703,0.00000,0.97297
19.00125,1.99750,0.02701,0.00000,0.97299
19.10125,1.99750,0.02697,0.00000,0.97303
19.20125,1.99750,0.02686,0.00000,0.97314
19.30125,1.99750,0.02670,0.00000,0.97330
19.40125,1.99750,0.02650,0.00000,0.97350
19.50125,1.99750,0.02625,0.00000,0.97375
19.60125,1.99750,0.02597,0.00000,0.97403
19.70125,1.99750,0.02566,0.00000,0.97434
19.80125,1.99750,0.02533,0.00000,0.97467
19.90125,1.99750,0.02496,0.00000,0.97504
20.00125,1.99750,0.02458,0.00000,0.97542
20.10125,1.99750,0.02422,0.00000,0.97578
20.20125,1.99750,0.02387,0.00000,0.97613
20.30125,1.99750,0.02351,0.00000,0.97649
20.40125,1.99750,0.02313,0.00000,0.97687
20.50125,1.99750,0.02275,0.00000,0.97725
20.60125,1.99750,0.02236,0.00000,0.97764
20.70125,1.99750,0.02195,0.00000,0.97805
20.80125,1.99750,0.02151,0.00000,0.97849
20.90125,1.99750,0.02106,0.00000,0.97894
21.00125,1.99750,0.02059,0.00000,0.97941
21.10125,1.99750,0.02014,0.00000,0.97986
21.20125,1.99750,0.01968,0.00000,0.98032
21.30125,1.99750,0.01924,0.00000,0.98076
21.40125,1.99750,0.01880,0.00000,0.98120
21.50125,1.99750,0.01837,0.00000,0.98163
21.60125,1.99750,0.01795,0.00000,0.98205
21.70125,1.99750,0.01755,0.00000,0.98245
21.80125,1.99750,0.01718,0.00000,0.98282
21.90125,1.99750,0.01682,0.00000,0.98318
22.00125,1.99750,0.01647,0.00000,0.98353
22.10125,1.99750,0.01614,0.00000,0.98386
22.20125,1.99750,0.01583,0.00000,0.98417
22.30125,1.99750,0.01555,0.00000,0.98445
22.40125,1.99750,0.01529,0.00000,0.98471
22.50125,1.99750,0.01504,0.00000,0.98496
22.60125,1.99750,0.01480,0.00000,0.98520
22.70125,1.99750,0.01458,0.00000,0.98542
22.80125,1.99750,0.01437,0.00000,0.98563
22.90125,1.99750,0.01418,0.00000,0.98582
23.00125,1.99750,0.01402,0.00000,0.98598
23.10125,1.99750,0.01386,0.00000,0.98614
23.20125,1.99750,0.01372,0.00000,0.98628
23.30125,1.99750,0.01358,0.00000,0.98642
23.40125,1.99750,0.01345,0.00000,0.98655
23.50125,1.99750,0.01332,0.00000,0.98668
23.60125,1.99750,0.01320,0.00000,0.98680
23.70125,1.99750,0.01309,0.00000,0.98691
23.80125,1.99750,0.01298,0.00000,0.98702
23.90125,1.99750,0.01291,0.00000,0.98709
24.00125,1.99750,0.01285,0.00000,0.98715
24.10125,1.99750,0.01279,0.00000,0.98721
24.20125,1.99750,0.01272,0.00000,0.98728
24.30125,1.99750,0.01267,0.00000,0.98733
24.40125,1.99750,0.01261,0.00000,0.98739
24.50125,1.99750,0.01255,0.00000,0.98745
24.60125,1.99750,0.01250,0.00000,0.98750
24.70125,1.99750,0.01246,0.00000,0.98754
24.80125,1.99750,0.01242,0.00000,0.98758
24.90125,1.99750,0.01240,0.00000,0.98760
25.00125,1.99750,0.01235,0.00000,0.98765
25.10125,1.99750,0.01231,0.00000,0.98769
25.20125,1.99750,0.01229,0.00000,0.98771
25.30125,1.99750,0.01225,0.00000,0.98775
25.40125,1.99750,0.01223,0.00000,0.98777
25.50125,1.99750,0.01221,0.00000,0.98779
25.60125,1.99750,0.01219,0.00000,0.98781
25.70125,1.99750,0.01217,0.00000,0.98783
25.80125,1.99750,0.01215,0.00000,0.98785
25.90125,1.99750,0.01213,0.00000,0.98787
26.00125,1.99750,0.01211,0.00000,0.98789
26.10125,1.99750,0.01210,0.00000,0.98790
26.20125,1.99750,0.01211,0.00000,0.98789
26.30125,1.99750,0.01211,0.00000,0.98789
26.40125,1.99750,0.01211,0.00000,0.98789
26.50125,1.99750,0.01212,0.00000,0.98788
26.60125,1.99750,0.01211,0.00000,0.98789
26.70125,1.99750,0.01211,0.00000,0.98789
26.80125,1.99750,0.01211,0.00000,0.98789
26.90125,1.99750,0.01211,0.00000,0.98789
27.00125,1.99750,0.01211,0.00000,0.98789
27.10125,1.99750,0.01211,0.00000,0.98789
27.20125,1.99750,0.01213,0.00000,0.98787
27.30125,1.99750,0.01214,0.00000,0.98786
27.40125,1.99750,0.01216,0.00000,0.98784
27.50125,1.99750,0.01217,0.00000,0.98783
27.60125,1.99750,0.01218,0.00000,0.98782
27.70125,1.99750,0.01220,0.00000,0.98780
27.80125,1.99750,0.01221,0.00000,0.98779
27.90125,1.99750,0.01221,0.00000,0.98779
28.00125,1.99750,0.01221,0.00000,0.98779
28.10125,1.99750,0.01221,0.00000,0.98779
28.20125,1.99750,0.01219,0.00000,0.98781
28.30125,1.99750,0.01219,0.00000,0.98781
28.40125,1.99750,0.01218,0.00000,0.98782
28.50125,1.99750,0.01218,0.00000,0.98782
28.60125,1.99750,0.01219,0.00000,0.98781
28.70125,1.99750,0.01220,0.00000,0.98780
28.80125,1.99750,0.01221,0.00000,0.98779
28.90125,1.99750,0.01221,0.00000,0.98779
29.00125,1.99750,0.01222,0.00000,0.98778
29.10125,1.99750,0.01221,0.00000,0.98779
29.20125,1.99750,0.01220,0.00000,0.98780
29.30125,1.99750,0.01220,0.00000,0.98780
29.40125,1.99750,0.01219,0.00000,0.98781
29.50125,1.99750,0.01219,0.00000,0.98781
29.60125,1.99750,0.01219,0.00000,0.98781
29.70125,1.99750,0.01220,0.00000,0.98780
29.80125,1.99750,0.01222,0.00000,0.98778
29.90125,1.99750,0.01224,0.00000,0.98776
30.00125,1.99750,0.01226,0.00000,0.98774
30.10125,1.99750,0.01229,0.00000,0.98771
30.20125,1.99750,0.01233,0.00000,0.98767
30.30125,1.99750,0.01238,0.00000,0.98763
30.40125,1.99750,0.01242,0.00000,0.98758
30.50125,1.99750,0.01246,0.00000,0.98754
30.60125,1.99750,0.01251,0.00000,0.98749
30.70125,1.99750,0.01255,0.00000,0.98745
30.80125,1.99750,0.01260,0.00000,0.98740
30.90125,1.99750,0.01266,0.00000,0.98734
31.00125,1.99750,0.01273,0.00000,0.98727
31.10125,1.99750,0.01280,0.00000,0.98720
31.20125,1.99750,0.01288,0.00000,0.98711
31.30125,1.99750,0.01295,0.00000,0.98705
31.40125,1.99750,0.01302,0.00000,0.98698
31.50125,1.99750,0.01308,0.00000,0.98692
31.60125,1.99750,0.01315,0.00000,0.98685
31.70125,1.99750,0.01321,0.00000,0.98679
31.80125,1.99750,0.01327,0.00000,0.98673
31.90125,1.99750,0.01333,0.00000,0.98667
32.00125,1.99750,0.01339,0.00000,0.98661
32.10125,1.99750,0.01345,0.00000,0.98655
32.20125,1.99750,0.01349,0.00000,0.98651
32.30125,1.99750,0.01353,0.00000,0.98647
32.40125,1.99750,0.01358,0.00000,0.98642
32.50125,1.99750,0.01363,0.00000,0.98637
32.60125,1.99750,0.01370,0.00000,0.98630
32.70125,1.99750,0.01376,0.00000,0.98624
32.80125,1.99750,0.01383,0.00000,0.98617
32.90125,1.99750,0.01388,0.00000,0.98612
33.00125,1.99750,0.01393,0.00000,0.98607
33.10125,1.99750,0.01399,0.00000,0.98601
33.20125,1.99750,0.01405,0.00000,0.98595
33.30125,1.99750,0.01412,0.00000,0.98588
33.40125,1.99750,0.01419,0.00000,0.98581
33.50125,1.99750,0.01426,0.00000,0.98574
33.60125,1.99750,0.01433,0.00000,0.98567
33.70125,1.99750,0.01439,0.00000,0.98561
33.80125,1.99750,0.01444,0.00000,0.98556
33.90125,1.99750,0.01449,0.00000,0.98551
34.00125,1.99750,0.01453,0.00000,0.98547
34.10125,1.99750,0.01458,0.00000,0.98542
34.20125,1.99750,0.01463,0.00000,0.98537
34.30125,1.99750,0.01467,0.00000,0.98533
34.40125,1.99750,0.01471,0.00000,0.98529
34.50125,1.99750,0.01473,0.00000,0.98527
34.60125,1.99750,0.01473,0.00000,0.98527
34.70125,1.99750,0.01472,0.00000,0.98528
34.80125,1.99750,0.01470,0.00000,0.98530
34.90125,1.99750,0.01467,0.00000,0.98533
35.00125,1.99750,0.01464,0.00000,0.98536
35.10125,1.99750,0.01458,0.00000,0.98542
35.20125,1.99750,0.01452,0.00000,0.98548
35.30125,1.99750,0.01444,0.00000,0.98556
35.40125,1.99750,0.01436,0.00000,0.98564
35.50125,1.99750,0.01427,0.00000,0.98573
35.60125,1.99750,0.01419,0.00000,0.98581
35.70125,1.99750,0.01410,0.00000,0.98590
35.80125,1.99750,0.01402,0.00000,0.98598
35.90125,1.99750,0.01394,0.00000,0.98606
36.00125,1.99750,0.01385,0.00000,0.98615
36.10125,1.99750,0.01375,0.00000,0.98625
36.20125,1.99750,0.01364,0.00000,0.98636
36.30125,1.99750,0.01354,0.00000,0.98646
36.40125,1.99750,0.01343,0.00000,0.98657
36.50125,1.99750,0.01333,0.00000,0.98667
36.60125,1.99750,0.01322,0.00000,0.98678
36.70125,1.99750,0.01313,0.00000,0.98687
36.80125,1.99750,0.01303,0.00000,0.98697
36.90125,1.99750,0.01293,0.00000,0.98707
37.00125,1.99750,0.01285,0.00000,0.98715
37.10125,1.99750,0.01277,0.00000,0.98723
37.20125,1.99750,0.01270,0.00000,0.98730
37.30125,1.99750,0.01263,0.00000,0.98737
37.40125,1.99750,0.01256,0.00000,0.98744
37.50125,1.99750,0.01250,0.00000,0.98750
37.60125,1.99750,0.01244,0.00000,0.98756
37.70125,1.99750,0.01238,0.00000,0.98762
37.80125,1.99750,0.01234,0.00000,0.98766
37.90125,1.99750,0.01229,0.00000,0.98771
38.00125,1.99750,0.01225,0.00000,0.98775
38.10125,1.99750,0.01220,0.00000,0.98780
38.20125,1.99750,0.01216,0.00000,0.98784
38.30125,1.99750,0.01213,0.00000,0.98787
38.40125,1.99750,0.01214,0.00000,0.98786
38.50125,1.99750,0.01216,0.00000,0.98784
38.60125,1.99750,0.01220,0.00000,0.98780
38.70125,1.99750,0.01225,0.00000,0.98775
38.80125,1.99750,0.01232,0.00000,0.98768
38.90125,1.99750,0.01240,0.00000,0.98760
39.00125,1.99750,0.01248,0.00000,0.98752
39.10125,1.99750,0.01257,0.00000,0.98743
39.20125,1.99750,0.01269,0.00000,0.98731
39.30125,1.99750,0.01282,0.00000,0.98718
39.40125,1.99750,0.01298,0.00000,0.98702
39.50125,1.99750,0.01317,0.00000,0.98683
39.60125,1.99750,0.01337,0.00000,0.98663
39.70125,1.99750,0.01358,0.00000,0.98642
39.80125,1.99750,0.01383,0.00000,0.98617
39.90125,1.99750,0.01410,0.00000,0.98590
40.00125,1.99750,0.01439,0.00000,0.98561
40.10125,1.99750,0.01470,0.00000,0.98530
40.20125,1.99750,0.01503,0.00000,0.98497
40.30125,1.99750,0.01535,0.00000,0.98465
40.40125,1.99750,0.01562,0.00000,0.98438
40.50125,1.99750,0.01590,0.00000,0.98410
40.60125,1.99750,0.01615,0.00000,0.98385
40.70125,1.99750,0.01635,0.00000,0.98365
40.80125,1.99750,0.01653,0.00000,0.98347
40.90125,1.99750,0.01674,0.00000,0.98326
41.00125,1.99750,0.01697,0.00000,0.98303
41.10125,1.99750,0.01719,0.00000,0.98281
41.20125,1.99750,0.01743,0.00000,0.98257
41.30125,1.99750,0.01765,0.00000,0.98235
41.40125,1.99750,0.01786,0.00000,0.98214
41.50125,1.99750,0.01803,0.00000,0.98197
41.60125,1.99750,0.01822,0.00000,0.98178
41.70125,1.99750,0.01842,0.00000,0.98158
41.80125,1.99750,0.01863,0.00000,0.98137
41.90125,1.99750,0.01889,0.00000,0.98111
42.00125,1.99750,0.01921,0.00000,0.98079
42.10125,1.99750,0.01953,0.00000,0.98047
42.20125,1.99750,0.01991,0.00000,0.98009
42.30125,1.99750,0.02034,0.00000,0.97966
42.40125,1.99750,0.02085,0.00000,0.97915
42.50125,1.99750,0.02139,0.00000,0.97861
42.60125,1.99750,0.02194,0.00000,0.97806
42.70125,1.99750,0.02249,0.00000,0.97751
42.80125,1.99750,0.02300,0.00000,0.97700
42.90125,1.99750,0.02344,0.00000,0.97656
43.00125,1.99750,0.02382,0.00000,0.97618
43.10125,1.99750,0.02413,0.00000,0.97587
43.20125,1.99750,0.02442,0.00000,0.97558
43.30125,1.99750,0.02470,0.00000,0.97530
43.40125,1.99750,0.02500,0.00000,0.97500
43.50125,1.99750,0.02524,0.00000,0.97476
43.60125,1.99750,0.02542,0.00000,0.97458
43.70125,1.99750,0.02552,0.00000,0.97448
43.80125,1.99750,0.02557,0.00000,0.97443
43.90125,1.99750,0.02553,0.00000,0.97447
44.00125,1.99750,0.02537,0.00000,0.97463
44.10125,1.99750,0.02512,0.00000,0.97488
44.20125,1.99750,0.02472,0.00000,0.97528
44.30125,1.99750,0.02423,0.00000,0.97577
44.40125,1.99750,0.02365,0.00000,0.97635
44.50125,1.99750,0.02304,0.00000,0.97696
44.60125,1.99750,0.02242,0.00000,0.97758
44.70125,1.99750,0.02183,0.00000,0.97817
44.80125,1.99750,0.02124,0.00000,0.97876
44.90125,1.99750,0.02064,0.00000,0.97936
45.00125,1.99750,0.02005,0.00000,0.97995
45.10125,1.99750,0.01946,0.00000,0.98054
45.20125,1.99750,0.01886,0.00000,0.98114
45.30125,1.99750,0.01826,0.00000,0.98174
45.40125,1.99750,0.01768,0.00000,0.98232
45.50125,1.99750,0.01710,0.00000,0.98290
45.60125,1.99750,0.01654,0.00000,0.98346
45.70125,1.99750,0.01600,0.00000,0.98400
45.80125,1.99750,0.01550,0.00000,0.98450
45.90125,1.99750,0.01502,0.00000,0.98498
46.00125,1.99750,0.01458,0.00000,0.98542
46.10125,1.99750,0.01418,0.00000,0.98582
46.20125,1.99750,0.01381,0.00000,0.98619
46.30125,1.99750,0.01348,0.00000,0.98652
46.40125,1.99750,0.01318,0.00000,0.98682
46.50125,1.99750,0.01290,0.00000,0.98710
46.60125,1.99750,0.01266,0.00000,0.98734
46.70125,1.99750,0.01248,0.00000,0.98752
46.80125,1.99750,0.01237,0.00000,0.98763
46.90125,1.99750,0.01229,0.00000,0.98771
47.00125,1.99750,0.01224,0.00000,0.98776
47.10125,1.99750,0.01223,0.00000,0.98777
47.20125,1.99750,0.01225,0.00000,0.98775
47.30125,1.99750,0.01229,0.00000,0.98771
47.40125,1.99750,0.01235,0.00000,0.98765
47.50125,1.99750,0.01242,0.00000,0.98758
47.60125,1.99750,0.01252,0.00000,0.98748
47.70125,1.99750,0.01265,0.00000,0.98735
47.80125,1.99750,0.01282,0.00000,0.98718
47.90125,1.99750,0.01299,0.00000,0.98701
48.00125,1.99750,0.01318,0.00000,0.98682
48.10125,1.99750,0.01339,0.00000,0.98661
48.20125,1.99750,0.01363,0.00000,0.98637
48.30125,1.99750,0.01390,0.00000,0.98610
48.40125,1.99750,0.01420,0.00000,0.98580
48.50125,1.99750,0.01452,0.00000,0.98548
48.60125,1.99750,0.01483,0.00000,0.98517
48.70125,1.99750,0.01514,0.00000,0.98486
48.80125,1.99750,0.01544,0.00000,0.98456
48.90125,1.99750,0.01574,0.00000,0.98426
49.00125,1.99750,0.01604,0.00000,0.98396
49.10125,1.99750,0.01631,0.00000,0.98369
49.20125,1.99750,0.01656,0.00000,0.98344
49.30125,1.99750,0.01680,0.00000,0.98320
49.40125,1.99750,0.01705,0.00000,0.98295
49.50125,1.99750,0.01728,0.00000,0.98272
49.60125,1.99750,0.01747,0.00000,0.98253
49.70125,1.99750,0.01762,0.00000,0.98238
49.80125,1.99750,0.01773,0.00000,0.98227
49.90125,1.99750,0.01785,0.00000,0.98215
50.00125,1.99750,0.01795,0.00000,0.98205
50.10125,1.99750,0.01805,0.00000,0.98195
50.20125,1.99750,0.01816,0.00000,0.98184
50.30125,1.99750,0.01827,0.00000,0.98173
50.40125,1.99750,0.01837,0.00000,0.98163
50.50125,1.99750,0.01848,0.00000,0.98152
50.60125,1.99750,0.01858,0.00000,0.98142
50.70125,1.99750,0.01866,0.00000,0.98134
50.80125,1.99750,0.01875,0.00000,0.98125
50.90125,1.99750,0.01884,0.00000,0.98116
51.00125,1.99750,0.01897,0.00000,0.98103
51.10125,1.99750,0.01914,0.00000,0.98086
51.20125,1.99750,0.01933,0.00000,0.98067
51.30125,1.99750,0.01953,0.00000,0.98047
51.40125,1.99750,0.01975,0.00000,0.98025
51.50125,1.99750,0.02002,0.00000,0.97998
51.60125,1.99750,0.02031,0.00000,0.97969
51.70125,1.99750,0.02065,0.00000,0.97935
51.80125,1.99750,0.02099,0.00000,0.97901
51.90125,1.99750,0.02134,0.00000,0.97866
52.00125,1.99750,0.02169,0.00000,0.97831
52.10125,1.99750,0.02204,0.00000,0.97796
52.20125,1.99750,0.02241,0.00000,0.97759
52.30125,1.99750,0.02279,0.00000,0.97721
52.40125,1.99750,0.02320,0.00000,0.97680
52.50125,1.99750,0.02365,0.00000,0.97635
52.60125,1.99750,0.02413,0.00000,0.97587
52.70125,1.99750,0.02463,0.00000,0.97537
52.80125,1.99750,0.02512,0.00000,0.97488
52.90125,1.99750,0.02560,0.00000,0.97440
53.00125,1.99750,0.02604,0.00000,0.97396
53.10125,1.99750,0.02643,0.00000,0.97357
53.20125,1.99750,0.02677,0.00000,0.97323
53.30125,1.99750,0.02706,0.00000,0.97294
53.40125,1.99750,0.02726,0.00000,0.97274
53.50125,1.99750,0.02739,0.00000,0.97261
53.60125,1.99750,0.02745,0.00000,0.97255
53.70125,1.99750,0.02748,0.00000,0.97252
53.80125,1.99750,0.02749,0.00000,0.97251
53.90125,1.99750,0.02744,0.00000,0.97256
54.00125,1.99750,0.02736,0.00000,0.97264
54.10125,1.99750,0.02725,0.00000,0.97275
54.20125,1.99750,0.02711,0.00000,0.97289
54.30125,1.99750,0.02690,0.00000,0.97310
54.40125,1.99750,0.02663,0.00000,0.97337
54.50125,1.99750,0.02635,0.00000,0.97365
54.60125,1.99750,0.02604,0.00000,0.97396
54.70125,1.99750,0.02572,0.00000,0.97428
54.80125,1.99750,0.02540,0.00000,0.97460
54.90125,1.99750,0.02507,0.00000,0.97493
55.00125,1.99750,0.02475,0.00000,0.97525
55.10125,1.99750,0.02446,0.00000,0.97554
55.20125,1.99750,0.02415,0.00000,0.97585
55.30125,1.99750,0.02387,0.00000,0.97613
55.40125,1.99750,0.02359,0.00000,0.97641
55.50125,1.99750,0.02333,0.00000,0.97667
55.60125,1.99750,0.02302,0.00000,0.97698
55.70125,1.99750,0.02264,0.00000,0.97736
55.80125,1.99750,0.02224,0.00000,0.97776
55.90125,1.99750,0.02182,0.00000,0.97818
56.00125,1.99750,0.02136,0.00000,0.97864
56.10125,1.99750,0.02089,0.00000,0.97911
56.20125,1.99750,0.02040,0.00000,0.97960
56.30125,1.99750,0.01990,0.00000,0.98010
56.40125,1.99750,0.01940,0.00000,0.98060
56.50125,1.99750,0.01888,0.00000,0.98112
56.60125,1.99750,0.01836,0.00000,0.98164
56.70125,1.99750,0.01784,0.00000,0.98216
56.80125,1.99750,0.01731,0.00000,0.98269
56.90125,1.99750,0.01679,0.00000,0.98321
57.00125,1.99750,0.01627,0.00000,0.98373
57.10125,1.99750,0.01578,0.00000,0.98422
57.20125,1.99750,0.01531,0.00000,0.98469
57.30125,1.99750,0.01483,0.00000,0.98517
57.40125,1.99750,0.01437,0.00000,0.98563
57.50125,1.99750,0.01396,0.00000,0.98604
57.60125,1.99750,0.01362,0.00000,0.98638
57.70125,1.99750,0.01331,0.00000,0.98669
57.80125,1.99750,0.01303,0.00000,0.98697
57.90125,1.99750,0.01280,0.00000,0.98720
58.00125,1.99750,0.01259,0.00000,0.98741
58.10125,1.99750,0.01239,0.00000,0.98761
58.20125,1.99750,0.01222,0.00000,0.98778
58.30125,1.99750,0.01206,0.00000,0.98794
58.40125,1.99750,0.01192,0.00000,0.98808
58.50125,1.99750,0.01180,0.00000,0.98820
58.60125,1.99750,0.01169,0.00000,0.98831
58.70125,1.99750,0.01160,0.00000,0.98840
58.80125,1.99750,0.01154,0.00000,0.98846
58.90125,1.99750,0.01150,0.00000,0.98850
59.00125,1.99750,0.01148,0.00000,0.98852
59.10125,1.99750,0.01147,0.00000,0.98853
59.20125,1.99750,0.01149,0.00000,0.98851
59.30125,1.99750,0.01154,0.00000,0.98846
59.40125,1.99750,0.01160,0.00000,0.98840
59.50125,1.99750,0.01165,0.00000,0.98835
59.60125,1.99750,0.01171,0.00000,0.98829
59.70125,1.99750,0.01178,0.00000,0.98822
59.80125,1.99750,0.01187,0.00000,0.98813
59.90125,1.99750,0.01198,0.00000,0.98802
60.00125,1.99750,0.01211,0.00000,0.98789
60.10125,1.99750,0.01226,0.00000,0.98774
60.20125,1.99750,0.01243,0.00000,0.98757
60.30125,1.99750,0.01263,0.00000,0.98737
60.40125,1.99750,0.01286,0.00000,0.98714
60.50125,1.99750,0.01311,0.00000,0.98689
60.60125,1.99750,0.01338,0.00000,0.98662
60.70125,1.99750,0.01364,0.00000,0.98636
60.80125,1.99750,0.01390,0.00000,0.98610
60.90125,1.99750,0.01416,0.00000,0.98584
61.00125,1.99750,0.01443,0.00000,0.98557
61.10125,1.99750,0.01470,0.00000,0.98530
61.20125,1.99750,0.01496,0.00000,0.98504
61.30125,1.99750,0.01523,0.00000,0.98477
61.40125,1.99750,0.01551,0.00000,0.98449
61.50125,1.99750,0.01578,0.00000,0.98422
61.60125,1.99750,0.01602,0.00000,0.98398
61.70125,1.99750,0.01624,0.00000,0.98376
61.80125,1.99750,0.01644,0.00000,0.98356
61.90125,1.99750,0.01663,0.00000,0.98337
62.00125,1.99750,0.01678,0.00000,0.98322
62.10125,1.99750,0.01691,0.00000,0.98309
62.20125,1.99751,0.01701,0.00000,0.98299
62.30125,1.99750,0.01709,0.00000,0.98291
62.40125,1.99750,0.01716,0.00000,0.98284
62.50125,1.99750,0.01722,0.00000,0.98278
62.60125,1.99750,0.01728,0.00000,0.98272
62.70125,1.99751,0.01733,0.00000,0.98267
62.80125,1.99750,0.01739,0.00000,0.98261
62.90125,1.99750,0.01745,0.00000,0.98255
63.00125,1.99750,0.01750,0.00000,0.98250
63.10125,1.99750,0.01756,0.00000,0.98244
63.20125,1.99751,0.01760,0.00000,0.98240
63.30125,1.99750,0.01764,0.00000,0.98236
63.40125,1.99750,0.01767,0.00000,0.98233
63.50125,1.99750,0.01771,0.00000,0.98229
63.60125,1.99750,0.01776,0.00000,0.98224
63.70125,1.99751,0.01782,0.00000,0.98218
63.80125,1.99750,0.01789,0.00000,0.98211
63.90125,1.99750,0.01797,0.00000,0.98203
64.00125,1.99750,0.01805,0.00000,0.98195
64.10125,1.99750,0.01818,0.00000,0.98182
64.20125,1.99751,0.01832,0.00000,0.98168
64.30125,1.99751,0.01848,0.00000,0.98152
64.40125,1.99750,0.01866,0.00000,0.98134
64.50125,1.99750,0.01886,0.00000,0.98114
64.60125,1.99750,0.01907,0.00000,0.98093
64.70125,1.99751,0.01929,0.00000,0.98071
64.80125,1.99751,0.01952,0.00000,0.98048
64.90125,1.99750,0.01975,0.00000,0.98025
65.00125,1.99750,0.01996,0.00000,0.98004
65.10125,1.99750,0.02020,0.00000,0.97980
65.20125,1.99751,0.02047,0.00000,0.97953
65.30125,1.99751,0.02076,0.00000,0.97924
65.40125,1.99750,0.02107,0.00000,0.97893
65.50125,1.99750,0.02138,0.00000,0.97862
65.60125,1.99750,0.02175,0.00000,0.97825
65.70125,1.99751,0.02211,0.00000,0.97789
65.80125,1.99751,0.02248,0.00000,0.97752
65.90125,1.99750,0.02283,0.00000,0.97717
66.00125,1.99750,0.02319,0.00000,0.97681
66.10125,1.99750,0.02352,0.00000,0.97648
66.20125,1.99751,0.02386,0.00000,0.97614
66.30125,1.99751,0.02419,0.00000,0.97581
66.40125,1.99750,0.02451,0.00000,0.97549
66.50125,1.99750,0.02479,0.00000,0.97521
66.60125,1.99750,0.02506,0.00000,0.97494
66.70125,1.99751,0.02531,0.00000,0.97469
66.80125,1.99751,0.02554,0.00000,0.97446
66.90125,1.99750,0.02573,0.00000,0.97427
67.00125,1.99750,0.02593,0.00000,0.97407
67.10125,1.99750,0.02608,0.00000,0.97392
67.20125,1.99751,0.02622,0.00000,0.97378
67.30125,1.99751,0.02635,0.00000,0.97365
67.40125,1.99750,0.02645,0.00000,0.97355
67.50125,1.99750,0.02652,0.00000,0.97348
67.60125,1.99750,0.02655,0.00000,0.97345
67.70125,1.99751,0.02656,0.00000,0.97344
67.80125,1.99751,0.02654,0.00000,0.97346
67.90125,1.99750,0.02651,0.00000,0.97349
68.00125,1.99750,0.02644,0.00000,0.97356
68.10125,1.99750,0.02636,0.00000,0.97364
68.20125,1.99751,0.02625,0.00000,0.97375
68.30125,1.99751,0.02613,0.00000,0.97387
68.40125,1.99750,0.02601,0.00000,0.97399
68.50125,1.99750,0.02586,0.00000,0.97414
68.60125,1.99750,0.02571,0.00000,0.97429
68.70125,1.99751,0.02558,0.00000,0.97442
68.80125,1.99751,0.02546,0.00000,0.97454
68.90125,1.99750,0.02532,0.00000,0.97468
69.00125,1.99750,0.02520,0.00000,0.97480
69.10125,1.99750,0.02506,0.00000,0.97494
69.20125,1.99751,0.02492,0.00000,0.97508
69.30125,1.99751,0.02477,0.00000,0.97523
69.40125,1.99750,0.02464,0.00000,0.97536
69.50125,1.99750,0.02454,0.00000,0.97546
69.60125,1.99750,0.02444,0.00000,0.97556
69.70125,1.99751,0.02436,0.00000,0.97564
69.80125,1.99751,0.02430,0.00000,0.97570
69.90125,1.99750,0.02424,0.00000,0.97576
70.00125,1.99750,0.02422,0.00000,0.97578
70.10125,1.99750,0.02421,0.00000,0.97579
70.20125,1.99751,0.02421,0.00000,0.97579
70.30125,1.99751,0.02423,0.00000,0.97577
70.40125,1.99750,0.02428,0.00000,0.97572
70.50125,1.99750,0.02435,0.00000,0.97565
70.60125,1.99750,0.02440,0.00000,0.97560
70.70125,1.99751,0.02446,0.00000,0.97554
70.80125,1.99751,0.02454,0.00000,0.97546
70.90125,1.99750,0.02463,0.00000,0.97537
71.00125,1.99750,0.02473,0.00000,0.97527
71.10125,1.99750,0.02485,0.00000,0.97515
71.20125,1.99751,0.02500,0.00000,0.97500
71.30125,1.99751,0.02514,0.00000,0.97486
71.40125,1.99750,0.02525,0.00000,0.97475
71.50125,1.99750,0.02535,0.00000,0.97465
71.60125,1.99750,0.02547,0.00000,0.97453
71.70125,1.99751,0.02558,0.00000,0.97442
71.80125,1.99751,0.02570,0.00000,0.97430
71.90125,1.99750,0.02581,0.00000,0.97419
72.00125,1.99750,0.02590,0.00000,0.97410
72.10125,1.99750,0.02597,0.00000,0.97403
72.20125,1.99751,0.02600,0.00000,0.97400
72.30125,1.99751,0.02602,0.00000,0.97398
72.40125,1.99750,0.02600,0.00000,0.97400
72.50125,1.99750,0.02597,0.00000,0.97403
72.60125,1.99750,0.02590,0.00000,0.97410
72.70125,1.99751,0.02578,0.00000,0.97422
72.80125,1.99751,0.02562,0.00000,0.97438
72.90125,1.99750,0.02541,0.00000,0.97459
73.00125,1.99750,0.02516,0.00000,0.97484
73.10125,1.99750,0.02484,0.00000,0.97516
73.20125,1.99751,0.02447,0.00000,0.97553
73.30125,1.99751,0.02411,0.00000,0.97589
73.40125,1.99750,0.02376,0.00000,0.97624
73.50125,1.99750,0.02341,0.00000,0.97659
73.60125,1.99750,0.02306,0.00000,0.97694
73.70125,1.99751,0.02272,0.00000,0.97728
73.80125,1.99751,0.02236,0.00000,0.97764
73.90125,1.99750,0.02198,0.00000,0.97802
74.00125,1.99750,0.02158,0.00000,0.97842
74.10125,1.99750,0.02118,0.00000,0.97882
74.20125,1.99751,0.02076,0.00000,0.97924
74.30125,1.99751,0.02035,0.00000,0.97965
74.40125,1.99750,0.01997,0.00000,0.98003
74.50125,1.99750,0.01963,0.00000,0.98037
74.60125,1.99750,0.01935,0.00000,0.98065
74.70125,1.99751,0.01910,0.00000,0.98090
74.80125,1.99751,0.01888,0.00000,0.98112
74.90125,1.99750,0.01872,0.00000,0.98128
75.00125,1.99750,0.01858,0.00000,0.98142
75.10125,1.99750,0.01848,0.00000,0.98151
75.20125,1.99751,0.01841,0.00000,0.98159
75.30125,1.99751,0.01833,0.00000,0.98168
75.40125,1.99750,0.01826,0.00000,0.98174
75.50125,1.99750,0.01818,0.00000,0.98182
75.60125,1.99750,0.01810,0.00000,0.98190
75.70125,1.99751,0.01802,0.00000,0.98198
75.80125,1.99751,0.01795,0.00000,0.98205
75.90125,1.99750,0.01789,0.00000,0.98211
76.00125,1.99750,0.01783,0.00000,0.98217
76.10125,1.99750,0.01778,0.00000,0.98222
76.20125,1.99751,0.01773,0.00000,0.98227
76.30125,1.99751,0.01763,0.00000,0.98237
76.40125,1.99750,0.01740,0.00000,0.98260
76.50125,1.99750,0.01703,0.00000,0.98297
76.60125,1.99750,0.01654,0.00000,0.98346
76.70125,1.99751,0.01598,0.00000,0.98402
76.80125,1.99751,0.01536,0.00000,0.98464
76.90125,1.99750,0.01459,0.00000,0.98541
77.00125,1.99750,0.01368,0.00000,0.98632
77.10125,1.99750,0.01274,0.00000,0.98726
77.20125,1.99751,0.01181,0.00000,0.98819
77.30125,1.99751,0.01088,0.00000,0.98912
77.40125,1.99750,0.00994,0.00000,0.99006
77.50125,1.99750,0.00901,0.00000,0.99099
77.60125,1.99750,0.00811,0.00000,0.99189
77.70125,1.99751,0.00728,0.00000,0.99272
77.80125,1.99751,0.00649,0.00000,0.99351
77.90125,1.99750,0.00640,0.00000,0.99360
78.00125,1.99750,0.00676,0.00000,0.99324
78.10125,1.99750,0.00722,0.00000,0.99278
78.20125,1.99751,0.00820,0.00000,0.99180
78.30125,1.99751,0.00977,0.00000,0.99023
78.40125,1.99750,0.01172,0.00000,0.98828
78.50125,1.99750,0.01423,0.00000,0.98577
78.60125,1.99750,0.01738,0.00000,0.98262
