Time,Duration,unlabelled,Normal,Noise
0.0012,6.0,0.0,0.0,1.0
0.1012,6.0,0.0,0.0,1.0
0.2012,6.0,0.0,0.0,1.0
0.3012,6.0,0.0,0.0,1.0
0.4012,6.0,0.0,0.0,1.0
0.5012,6.0,0.0,0.0,1.0
0.6012,6.0,0.0,0.0,1.0
0.7012,6.0,0.0,0.0,1.0
0.8012,6.0,0.0,0.0,1.0
0.9012,6.0,0.0,0.0,1.0
1.0012,6.0,0.0,0.0,1.0
1.1012,6.0,0.0,0.0,1.0
1.2012,6.0,0.0,0.0,1.0
1.3012,6.0,0.0,0.0,1.0
1.4012,6.0,0.0,0.0,1.0
1.5012,6.0,0.0,0.0,1.0
1.6012,6.0,0.0,0.0,1.0
1.7012,6.0,0.0,0.0,1.0
1.8012,6.0,0.0,0.0,1.0
1.9012,6.0,0.0,0.0,1.0
1.9987,6.0,0.0,0.0,1.0
2.0012,6.0,0.0,0.0,1.0
2.0987,6.0,0.0,0.0,1.0
2.1012,6.0,0.0,0.0,1.0
2.1988,6.0,0.0,0.0,1.0
2.2012,6.0,0.0,0.0,1.0
2.2987,6.0,0.0,0.0,1.0
2.3012,6.0,0.0,0.0,1.0
2.3987,6.0,0.0,0.0,1.0
2.4012,6.0,0.0,0.0,1.0
2.4987,6.0,0.0,0.0,1.0
2.5012,6.0,0.0,0.0,1.0
2.5987,6.0,0.0,0.0,1.0
2.6012,6.0,0.0,0.0,1.0
2.6988,6.0,0.0,0.0,1.0
2.7012,6.0,0.0,0.0,1.0
2.7987,6.0,0.0,0.0,1.0
2.8012,6.0,0.0,0.0,1.0
2.8987,6.0,0.0,0.0,1.0
2.9012,6.0,0.0,0.0,1.0
2.9987,6.0,0.0,0.0,1.0
3.0012,6.0,0.0,0.0,1.0
3.0987,6.0,0.0,0.0,1.0
3.1012,6.0,0.0,0.0,1.0
3.1988,6.0,0.0,0.0,1.0
3.2012,6.0,0.0,0.0,1.0
3.2987,6.0,0.0,0.0,1.0
3.3012,6.0,0.0,0.0,1.0
3.3987,6.0,0.0,0.0,1.0
3.4012,6.0,0.0,0.0,1.0
3.4987,6.0,0.0,0.0,1.0
3.5012,6.0,0.0,0.0,1.0
3.5987,6.0,0.0,0.0,1.0
3.6012,6.0,0.0,0.0,1.0
3.6988,6.0,0.0,0.0,1.0
3.7012,6.0,0.0,0.0,1.0
3.7987,6.0,0.0,0.0,1.0
3.8012,6.0,0.0,0.0,1.0
3.8987,6.0,0.0,0.0,1.0
3.9012,6.0,0.0,0.0,1.0
3.9987,6.0,0.0,0.0,1.0
4.0012,6.0,0.0,0.0,1.0
4.0988,6.0,0.0,0.0,1.0
4.1012,6.0,0.0,0.0,1.0
4.1988,6.0,0.0,0.0,1.0
4.2013,6.0,0.0,0.0,1.0
4.2987,6.0,0.0,0.0,1.0
4.3012,6.0,0.0,0.0,1.0
4.3987,6.0,0.0,0.0,1.0
4.4012,6.0,0.0,0.0,1.0
4.4987,6.0,0.0,0.0,1.0
4.5012,6.0,0.0,0.0,1.0
4.5988,6.0,0.0,0.0,1.0
4.6012,6.0,0.0,0.0,1.0
4.6988,6.0,0.0,0.0,1.0
4.7013,6.0,0.0,0.0,1.0
4.7987,6.0,0.0,0.0,1.0
4.8012,6.0,0.0,0.0,1.0
4.8987,6.0,0.0,0.0,1.0
4.9012,6.0,0.0,0.0,1.0
4.9987,6.0,0.0,0.0,1.0
5.0012,6.0,0.0,0.0,1.0
5.0988,6.0,0.0,0.0,1.0
5.1012,6.0,0.0,0.0,1.0
5.1988,6.0,0.0,0.0,1.0
5.2013,6.0,0.0,0.0,1.0
5.2987,6.0,0.0,0.0,1.0
5.3012,6.0,0.0,0.0,1.0
5.3987,6.0,0.0,0.0,1.0
5.4012,6.0,0.0,0.0,1.0
5.4987,6.0,0.0,0.0,1.0
5.5012,6.0,0.0,0.0,1.0
5.5988,6.0,0.0,0.0,1.0
5.6012,6.0,0.0,0.0,1.0
5.6988,6.0,0.0,0.0,1.0
5.7013,6.0,0.0,0.0,1.0
5.7987,6.0,0.0,0.0,1.0
5.8012,6.0,0.0,0.0,1.0
5.8987,6.0,0.0,0.0,1.0
5.9012,6.0,0.0,0.0,1.0
5.9987,6.0,0.0,0.0,1.0
6.0012,6.0,0.0,0.0,1.0
6.0988,6.0,0.0,0.0,1.0
6.1012,6.0,0.0,0.0,1.0
6.1988,6.0,0.0,0.0,1.0
6.2013,6.0,0.0,0.0,1.0
6.2987,6.0,0.0,0.0,1.0
6.3012,6.0,0.0,0.0,1.0
6.3987,6.0,0.0,0.0,1.0
6.4012,6.0,0.0,0.0,1.0
6.4987,6.0,0.0,0.0,1.0
6.5012,6.0,0.0,0.0,1.0
6.5988,6.0,0.0,0.0,1.0
6.6012,6.0,0.0,0.0,1.0
6.6988,6.0,0.0,0.0,1.0
6.7013,6.0,0.0,0.0,1.0
6.7987,6.0,0.0,0.0,1.0
6.8012,6.0,0.0,0.0,1.0
6.8987,6.0,0.0,0.0,1.0
6.9012,6.0,0.0,0.0,1.0
6.9987,6.0,0.0,0.0,1.0
7.0012,6.0,0.0,0.0,1.0
7.0988,6.0,0.0,0.0,1.0
7.1012,6.0,0.0,0.0,1.0
7.1988,6.0,0.0,0.0,1.0
7.2013,6.0,0.0,0.0,1.0
7.2987,6.0,0.0,0.0,1.0
7.3012,6.0,0.0,0.0,1.0
7.3987,6.0,0.0,0.0,1.0
7.4012,6.0,0.0,0.0,1.0
7.4987,6.0,0.0,0.0,1.0
7.5012,6.0,0.0,0.0,1.0
7.5988,6.0,0.0,0.0,1.0
7.6012,6.0,0.0,0.0,1.0
7.6988,6.0,0.0,0.0,1.0
7.7013,6.0,0.0,0.0,1.0
7.7987,6.0,0.0,0.0,1.0
7.8012,6.0,0.0,0.0,1.0
7.8987,6.0,0.0,0.0,1.0
7.9012,6.0,0.0,0.0,1.0
7.9987,6.0,0.0,0.0,1.0
8.0013,6.0,0.0,0.0,1.0
8.0988,6.0,0.0,0.0,1.0
8.1012,6.0,0.0,0.0,1.0
8.1987,6.0,0.0,0.0,1.0
8.2013,6.0,0.0,0.0,1.0
8.2987,6.0,0.0,0.0,1.0
8.3012,6.0,0.0,0.0,1.0
8.3988,6.0,0.0,0.0,1.0
8.4012,6.0,0.0,0.0,1.0
8.4987,6.0,0.0,0.0,1.0
8.5013,6.0,0.0,0.0,1.0
8.5988,6.0,0.0,0.0,1.0
8.6012,6.0,0.0,0.0,1.0
8.6987,6.0,0.0,0.0,1.0
8.7013,6.0,0.0,0.0,1.0
8.7987,6.0,0.0,0.0,1.0
8.8012,6.0,0.0,0.0,1.0
8.8988,6.0,0.0,0.0,1.0
8.9012,6.0,0.0,0.0,1.0
8.9987,6.0,0.0,0.0,1.0
9.0013,6.0,0.0,0.0,1.0
9.0988,6.0,0.0,0.0,1.0
9.1012,6.0,0.0,0.0,1.0
9.1987,6.0,0.0,0.0,1.0
9.2013,6.0,0.0,0.0,1.0
9.2987,6.0,0.0,0.0,1.0
9.3012,6.0,0.0,0.0,1.0
9.3988,6.0,0.0,0.0,1.0
9.4012,6.0,0.0,0.0,1.0
9.4987,6.0,0.0,0.0,1.0
9.5013,6.0,0.0,0.0,1.0
9.5988,6.0,0.0,0.0,1.0
9.6012,6.0,0.0,0.0,1.0
9.6987,6.0,0.0,0.0,1.0
9.7013,6.0,0.0,0.0,1.0
9.7987,6.0,0.0,0.0,1.0
9.8012,6.0,0.0,0.0,1.0
9.8988,6.0,0.0,0.0,1.0
9.9012,6.0,0.0,0.0,1.0
9.9987,6.0,0.0,0.0,1.0
10.0013,6.0,0.0,0.0,1.0
10.0988,6.0,0.0,0.0,1.0
10.1012,6.0,0.0,0.0,1.0
10.1987,6.0,0.0,0.0,1.0
10.2013,6.0,0.0,0.0,1.0
10.2987,6.0,0.0,0.0,1.0
10.3012,6.0,0.0,0.0,1.0
10.3988,6.0,0.0,0.0,1.0
10.4012,6.0,0.0,0.0,1.0
10.4987,6.0,0.0,0.0,1.0
10.5013,6.0,0.0,0.0,1.0
10.5988,6.0,0.0,0.0,1.0
10.6012,6.0,0.0,0.0,1.0
10.6987,6.0,0.0,0.0,1.0
10.7013,6.0,0.0,0.0,1.0
10.7987,6.0,0.0,0.0,1.0
10.8012,6.0,0.0,0.0,1.0
10.8988,6.0,0.0,0.0,1.0
10.9012,6.0,0.0,0.0,1.0
10.9987,6.0,0.0,0.0,1.0
11.0013,6.0,0.0,0.0,1.0
11.0988,6.0,0.0,0.0,1.0
11.1012,6.0,0.0,0.0,1.0
11.1987,6.0,0.0,0.0,1.0
11.2013,6.0,0.0,0.0,1.0
11.2987,6.0,0.0,0.0,1.0
11.3012,6.0,0.0,0.0,1.0
11.3988,6.0,0.0,0.0,1.0
11.4012,6.0,0.0,0.0,1.0
11.4987,6.0,0.0,0.0,1.0
11.5013,6.0,0.0,0.0,1.0
11.5988,6.0,0.0,0.0,1.0
11.6012,6.0,0.0,0.0,1.0
11.6987,6.0,0.0,0.0,1.0
11.7013,6.0,0.0,0.0,1.0
11.7987,6.0,0.0,0.0,1.0
11.8012,6.0,0.0,0.0,1.0
11.8988,6.0,0.0,0.0,1.0
11.9012,6.0,0.0,0.0,1.0
11.9987,6.0,0.0,0.0,1.0
12.0013,6.0,0.0,0.0,1.0
12.0988,6.0,0.0,0.0,1.0
12.1012,6.0,0.0,0.0,1.0
12.1987,6.0,0.0,0.0,1.0
12.2013,6.0,0.0,0.0,1.0
12.2987,6.0,0.0,0.0,1.0
12.3012,6.0,0.0,0.0,1.0
12.3988,6.0,0.0,0.0,1.0
12.4012,6.0,0.0,0.0,1.0
12.4987,6.0,0.0,0.0,1.0
12.5013,6.0,0.0,0.0,1.0
12.5988,6.0,0.0,0.0,1.0
12.6012,6.0,0.0,0.0,1.0
12.6987,6.0,0.0,0.0,1.0
12.7013,6.0,0.0,0.0,1.0
12.7987,6.0,0.0,0.0,1.0
12.8012,6.0,0.0,0.0,1.0
12.8988,6.0,0.0,0.0,1.0
12.9012,6.0,0.0,0.0,1.0
12.9987,6.0,0.0,0.0,1.0
13.0013,6.0,0.0,0.0,1.0
13.0988,6.0,0.0,0.0,1.0
13.1012,6.0,0.0,0.0,1.0
13.1987,6.0,0.0,0.0,1.0
13.2013,6.0,0.0,0.0,1.0
13.2987,6.0,0.0,0.0,1.0
13.3012,6.0,0.0,0.0,1.0
13.3988,6.0,0.0,0.0,1.0
13.4012,6.0,0.0,0.0,1.0
13.4987,6.0,0.0,0.0,1.0
13.5013,6.0,0.0,0.0,1.0
13.5988,6.0,0.0,0.0,1.0
13.6012,6.0,0.0,0.0,1.0
13.6987,6.0,0.0,0.0,1.0
13.7013,6.0,0.0,0.0,1.0
13.7987,6.0,0.0,0.0,1.0
13.8012,6.0,0.0,0.0,1.0
13.8988,6.0,0.0,0.0,1.0
13.9012,6.0,0.0,0.0,1.0
13.9987,6.0,0.0,0.0,1.0
14.0013,6.0,0.0,0.0,1.0
14.0988,6.0,0.0,0.0,1.0
14.1012,6.0,0.0,0.0,1.0
14.1987,6.0,0.0,0.0,1.0
14.2013,6.0,0.0,0.0,1.0
14.2987,6.0,0.0,0.0,1.0
14.3012,6.0,0.0,0.0,1.0
14.3988,6.0,0.0,0.0,1.0
14.4012,6.0,0.0,0.0,1.0
14.4987,6.0,0.0,0.0,1.0
14.5013,6.0,0.0,0.0,1.0
14.5988,6.0,0.0,0.0,1.0
14.6012,6.0,0.0,0.0,1.0
14.6987,6.0,0.0,0.0,1.0
14.7013,6.0,0.0,0.0,1.0
14.7987,6.0,0.0,0.0,1.0
14.8012,6.0,0.0,0.0,1.0
14.8988,6.0,0.0,0.0,1.0
14.9012,6.0,0.0,0.0,1.0
14.9987,6.0,0.0,0.0,1.0
15.0013,6.0,0.0,0.0,1.0
15.0988,6.0,0.0,0.0,1.0
15.1012,6.0,0.0,0.0,1.0
15.1987,6.0,0.0,0.0,1.0
15.2013,6.0,0.0,0.0,1.0
15.2987,6.0,0.0,0.0,1.0
15.3012,6.0,0.0,0.0,1.0
15.3988,6.0,0.0,0.0,1.0
15.4012,6.0,0.0,0.0,1.0
15.4987,6.0,0.0,0.0,1.0
15.5013,6.0,0.0,0.0,1.0
15.5988,6.0,0.0,0.0,1.0
15.6012,6.0,0.0,0.0,1.0
15.6987,6.0,0.0,0.0,1.0
15.7013,6.0,0.0,0.0,1.0
15.7987,6.0,0.0,0.0,1.0
15.8012,6.0,0.0,0.0,1.0
15.8988,6.0,0.0,0.0,1.0
15.9012,6.0,0.0,0.0,1.0
15.9987,6.0,0.0,0.0,1.0
16.0012,6.0,0.0,0.0,1.0
16.0987,6.0,0.0,0.0,1.0
16.1012,6.0,0.0,0.0,1.0
16.1987,6.0,0.0,0.0,1.0
16.2013,6.0,0.0,0.0,1.0
16.2987,6.0,0.0,0.0,1.0
16.3013,6.0,0.0,0.0,1.0
16.3988,6.0,0.0,0.0,1.0
16.4013,6.0,0.0,0.0,1.0
16.4988,6.0,0.0,0.0,1.0
16.5012,6.0,0.0,0.0,1.0
16.5987,6.0,0.0,0.0,1.0
16.6012,6.0,0.0,0.0,1.0
16.6987,6.0,0.0,0.0,1.0
16.7013,6.0,0.0,0.0,1.0
16.7987,6.0,0.0,0.0,1.0
16.8013,6.0,0.0,0.0,1.0
16.8988,6.0,0.0,0.0,1.0
16.9013,6.0,0.0,0.0,1.0
16.9988,6.0,0.0,0.0,1.0
17.0012,6.0,0.0,0.0,1.0
17.0987,6.0,0.0,0.0,1.0
17.1012,6.0,0.0,0.0,1.0
17.1987,6.0,0.0,0.0,1.0
17.2013,6.0,0.0,0.0,1.0
17.2987,6.0,0.0,0.0,1.0
17.3013,6.0,0.0,0.0,1.0
17.3988,6.0,0.0,0.0,1.0
17.4013,6.0,0.0,0.0,1.0
17.4988,6.0,0.0,0.0,1.0
17.5012,6.0,0.0,0.0,1.0
17.5987,6.0,0.0,0.0,1.0
17.6012,6.0,0.0,0.0,1.0
17.6987,6.0,0.0,0.0,1.0
17.7013,6.0,0.0,0.0,1.0
17.7987,6.0,0.0,0.0,1.0
17.8013,6.0,0.0,0.0,1.0
17.8988,6.0,0.0,0.0,1.0
17.9013,6.0,0.0,0.0,1.0
17.9988,6.0,0.0,0.0,1.0
18.0012,6.0,0.0,0.0,1.0
18.0987,6.0,0.0,0.0,1.0
18.1012,6.0,0.0,0.0,1.0
18.1987,6.0,0.0,0.0,1.0
18.2013,6.0,0.0,0.0,1.0
18.2987,6.0,0.0,0.0,1.0
18.3013,6.0,0.0,0.0,1.0
18.3988,6.0,0.0,0.0,1.0
18.4013,6.0,0.0,0.0,1.0
18.4988,6.0,0.0,0.0,1.0
18.5012,6.0,0.0,0.0,1.0
18.5987,6.0,0.0,0.0,1.0
18.6012,6.0,0.0,0.0,1.0
18.6987,6.0,0.0,0.0,1.0
18.7013,6.0,0.0,0.0,1.0
18.7987,6.0,0.0,0.0,1.0
18.8013,6.0,0.0,0.0,1.0
18.8988,6.0,0.0,0.0,1.0
18.9013,6.0,0.0,0.0,1.0
18.9988,6.0,0.0,0.0,1.0
19.0012,6.0,0.0,0.0,1.0
19.0987,6.0,0.0,0.0,1.0
19.1012,6.0,0.0,0.0,1.0
19.1987,6.0,0.0,0.0,1.0
19.2013,6.0,0.0,0.0,1.0
19.2987,6.0,0.0,0.0,1.0
19.3013,6.0,0.0,0.0,1.0
19.3988,6.0,0.0,0.0,1.0
19.4013,6.0,0.0,0.0,1.0
19.4988,6.0,0.0,0.0,1.0
19.5012,6.0,0.0,0.0,1.0
19.5987,6.0,0.0,0.0,1.0
19.6012,6.0,0.0,0.0,1.0
19.6987,6.0,0.0,0.0,1.0
19.7013,6.0,0.0,0.0,1.0
19.7987,6.0,0.0,0.0,1.0
19.8013,6.0,0.0,0.0,1.0
19.8988,6.0,0.0,0.0,1.0
19.9013,6.0,0.0,0.0,1.0
19.9988,6.0,0.0,0.0,1.0
20.0012,6.0,0.0,0.0,1.0
20.0987,6.0,0.0,0.0,1.0
20.1012,6.0,0.0,0.0,1.0
20.1987,6.0,0.0,0.0,1.0
20.2013,6.0,0.0,0.0,1.0
20.2987,6.0,0.0,0.0,1.0
20.3013,6.0,0.0,0.0,1.0
20.3988,6.0,0.0,0.0,1.0
20.4013,6.0,0.0,0.0,1.0
20.4988,6.0,0.0,0.0,1.0
20.5012,6.0,0.0,0.0,1.0
20.5987,6.0,0.0,0.0,1.0
20.6012,6.0,0.0,0.0,1.0
20.6987,6.0,0.0,0.0,1.0
20.7013,6.0,0.0,0.0,1.0
20.7987,6.0,0.0,0.0,1.0
20.8013,6.0,0.0,0.0,1.0
20.8988,6.0,0.0,0.0,1.0
20.9013,6.0,0.0,0.0,1.0
20.9988,6.0,0.0,0.0,1.0
21.0012,6.0,0.0,0.0,1.0
21.0987,6.0,0.0,0.0,1.0
21.1012,6.0,0.0,0.0,1.0
21.1987,6.0,0.0,0.0,1.0
21.2013,6.0,0.0,0.0,1.0
21.2987,6.0,0.0,0.0,1.0
21.3013,6.0,0.0,0.0,1.0
21.3988,6.0,0.0,0.0,1.0
21.4013,6.0,0.0,0.0,1.0
21.4988,6.0,0.0,0.0,1.0
21.5012,6.0,0.0,0.0,1.0
21.5987,6.0,0.0,0.0,1.0
21.6012,6.0,0.0,0.0,1.0
21.6987,6.0,0.0,0.0,1.0
21.7013,6.0,0.0,0.0,1.0
21.7987,6.0,0.0,0.0,1.0
21.8013,6.0,0.0,0.0,1.0
21.8988,6.0,0.0,0.0,1.0
21.9013,6.0,0.0,0.0,1.0
21.9988,6.0,0.0,0.0,1.0
22.0012,6.0,0.0,0.0,1.0
22.0987,6.0,0.0,0.0,1.0
22.1012,6.0,0.0,0.0,1.0
22.1987,6.0,0.0,0.0,1.0
22.2013,6.0,0.0,0.0,1.0
22.2987,6.0,0.0,0.0,1.0
22.3013,6.0,0.0,0.0,1.0
22.3988,6.0,0.0,0.0,1.0
22.4013,6.0,0.0,0.0,1.0
22.4988,6.0,0.0,0.0,1.0
22.5012,6.0,0.0,0.0,1.0
22.5987,6.0,0.0,0.0,1.0
22.6012,6.0,0.0,0.0,1.0
22.6987,6.0,0.0,0.0,1.0
22.7013,6.0,0.0,0.0,1.0
22.7987,6.0,0.0,0.0,1.0
22.8013,6.0,0.0,0.0,1.0
22.8988,6.0,0.0,0.0,1.0
22.9013,6.0,0.0,0.0,1.0
22.9988,6.0,0.0,0.0,1.0
23.0012,6.0,0.0,0.0,1.0
23.0987,6.0,0.0,0.0,1.0
23.1012,6.0,0.0,0.0,1.0
23.1987,6.0,0.0,0.0,1.0
23.2013,6.0,0.0,0.0,1.0
23.2987,6.0,0.0,0.0,1.0
23.3013,6.0,0.0,0.0,1.0
23.3988,6.0,0.0,0.0,1.0
23.4013,6.0,0.0,0.0,1.0
23.4988,6.0,0.0,0.0,1.0
23.5012,6.0,0.0,0.0,1.0
23.5987,6.0,0.0,0.0,1.0
23.6012,6.0,0.0,0.0,1.0
23.6987,6.0,0.0,0.0,1.0
23.7013,6.0,0.0,0.0,1.0
23.7987,6.0,0.0,0.0,1.0
23.8013,6.0,0.0,0.0,1.0
23.8988,6.0,0.0,0.0,1.0
23.9013,6.0,0.0,0.0,1.0
23.9988,6.0,0.0,0.0,1.0
24.0012,6.0,0.0,0.0,1.0
24.0987,6.0,0.0,0.0,1.0
24.1012,6.0,0.0,0.0,1.0
24.1987,6.0,0.0,0.0,1.0
24.2013,6.0,0.0,0.0,1.0
24.2987,6.0,0.0,0.0,1.0
24.3013,6.0,0.0,0.0,1.0
24.3988,6.0,0.0,0.0,1.0
24.4013,6.0,0.0,0.0,1.0
24.4988,6.0,0.0,0.0,1.0
24.5012,6.0,0.0,0.0,1.0
24.5987,6.0,0.0,0.0,1.0
24.6012,6.0,0.0,0.0,1.0
24.6987,6.0,0.0,0.0,1.0
24.7013,6.0,0.0,0.0,1.0
24.7987,6.0,0.0,0.0,1.0
24.8013,6.0,0.0,0.0,1.0
24.8988,6.0,0.0,0.0,1.0
24.9013,6.0,0.0,0.0,1.0
24.9988,6.0,0.0,0.0,1.0
25.0012,6.0,0.0,0.0,1.0
25.0987,6.0,0.0,0.0,1.0
25.1012,6.0,0.0,0.0,1.0
25.1987,6.0,0.0,0.0,1.0
25.2013,6.0,0.0,0.0,1.0
25.2987,6.0,0.0,0.0,1.0
25.3013,6.0,0.0,0.0,1.0
25.3988,6.0,0.0,0.0,1.0
25.4013,6.0,0.0,0.0,1.0
25.4988,6.0,0.0,0.0,1.0
25.5012,6.0,0.0,0.0,1.0
25.5987,6.0,0.0,0.0,1.0
25.6012,6.0,0.0,0.0,1.0
25.6987,6.0,0.0,0.0,1.0
25.7013,6.0,0.0,0.0,1.0
25.7987,6.0,0.0,0.0,1.0
25.8013,6.0,0.0,0.0,1.0
25.8988,6.0,0.0,0.0,1.0
25.9013,6.0,0.0,0.0,1.0
25.9988,6.0,0.0,0.0,1.0
26.0012,6.0,0.0,0.0,1.0
26.0987,6.0,0.0,0.0,1.0
26.1012,6.0,0.0,0.0,1.0
26.1987,6.0,0.0,0.0,1.0
26.2013,6.0,0.0,0.0,1.0
26.2987,6.0,0.0,0.0,1.0
26.3013,6.0,0.0,0.0,1.0
26.3988,6.0,0.0,0.0,1.0
26.4013,6.0,0.0,0.0,1.0
26.4988,6.0,0.0,0.0,1.0
26.5012,6.0,0.0,0.0,1.0
26.5987,6.0,0.0,0.0,1.0
26.6012,6.0,0.0,0.0,1.0
26.6987,6.0,0.0,0.0,1.0
26.7013,6.0,0.0,0.0,1.0
26.7987,6.0,0.0,0.0,1.0
26.8013,6.0,0.0,0.0,1.0
26.8988,6.0,0.0,0.0,1.0
26.9013,6.0,0.0,0.0,1.0
26.9988,6.0,0.0,0.0,1.0
27.0012,6.0,0.0,0.0,1.0
27.0987,6.0,0.0,0.0,1.0
27.1012,6.0,0.0,0.0,1.0
27.1987,6.0,0.0,0.0,1.0
27.2013,6.0,0.0,0.0,1.0
27.2987,6.0,0.0,0.0,1.0
27.3013,6.0,0.0,0.0,1.0
27.3988,6.0,0.0,0.0,1.0
27.4013,6.0,0.0,0.0,1.0
27.4988,6.0,0.0,0.0,1.0
27.5012,6.0,0.0,0.0,1.0
27.5987,6.0,0.0,0.0,1.0
27.6012,6.0,0.0,0.0,1.0
27.6987,6.0,0.0,0.0,1.0
27.7013,6.0,0.0,0.0,1.0
27.7987,6.0,0.0,0.0,1.0
27.8013,6.0,0.0,0.0,1.0
27.8988,6.0,0.0,0.0,1.0
27.9013,6.0,0.0,0.0,1.0
27.9988,6.0,0.0,0.0,1.0
28.0012,6.0,0.0,0.0,1.0
28.0987,6.0,0.0,0.0,1.0
28.1012,6.0,0.0,0.0,1.0
28.1987,6.0,0.0,0.0,1.0
28.2013,6.0,0.0,0.0,1.0
28.2987,6.0,0.0,0.0,1.0
28.3013,6.0,0.0,0.0,1.0
28.3988,6.0,0.0,0.0,1.0
28.4013,6.0,0.0,0.0,1.0
28.4988,6.0,0.0,0.0,1.0
28.5012,6.0,0.0,0.0,1.0
28.5987,6.0,0.0,0.0,1.0
28.6012,6.0,0.0,0.0,1.0
28.6987,6.0,0.0,0.0,1.0
28.7013,6.0,0.0,0.0,1.0
28.7987,6.0,0.0,0.0,1.0
28.8013,6.0,0.0,0.0,1.0
28.8988,6.0,0.0,0.0,1.0
28.9013,6.0,0.0,0.0,1.0
28.9988,6.0,0.0,0.0,1.0
29.0012,6.0,0.0,0.0,1.0
29.0987,6.0,0.0,0.0,1.0
29.1012,6.0,0.0,0.0,1.0
29.1987,6.0,0.0,0.0,1.0
29.2013,6.0,0.0,0.0,1.0
29.2987,6.0,0.0,0.0,1.0
29.3013,6.0,0.0,0.0,1.0
29.3988,6.0,0.0,0.0,1.0
29.4013,6.0,0.0,0.0,1.0
29.4988,6.0,0.0,0.0,1.0
29.5012,6.0,0.0,0.0,1.0
29.5987,6.0,0.0,0.0,1.0
29.6012,6.0,0.0,0.0,1.0
29.6987,6.0,0.0,0.0,1.0
29.7013,6.0,0.0,0.0,1.0
29.7987,6.0,0.0,0.0,1.0
29.8013,6.0,0.0,0.0,1.0
29.8988,6.0,0.0,0.0,1.0
29.9013,6.0,0.0,0.0,1.0
29.9988,6.0,0.0,0.0,1.0
30.0012,6.0,0.0,0.0,1.0
30.0987,6.0,0.0,0.0,1.0
30.1012,6.0,0.0,0.0,1.0
30.1987,6.0,0.0,0.0,1.0
30.2013,6.0,0.0,0.0,1.0
30.2987,6.0,0.0,0.0,1.0
30.3013,6.0,0.0,0.0,1.0
30.3988,6.0,0.0,0.0,1.0
30.4013,6.0,0.0,0.0,1.0
30.4988,6.0,0.0,0.0,1.0
30.5012,6.0,0.0,0.0,1.0
30.5987,6.0,0.0,0.0,1.0
30.6012,6.0,0.0,0.0,1.0
30.6987,6.0,0.0,0.0,1.0
30.7013,6.0,0.0,0.0,1.0
30.7987,6.0,0.0,0.0,1.0
30.8013,6.0,0.0,0.0,1.0
30.8988,6.0,0.0,0.0,1.0
30.9013,6.0,0.0,0.0,1.0
30.9988,6.0,0.0,0.0,1.0
31.0012,6.0,0.0,0.0,1.0
31.0987,6.0,0.0,0.0,1.0
31.1012,6.0,0.0,0.0,1.0
31.1987,6.0,0.0,0.0,1.0
31.2013,6.0,0.0,0.0,1.0
31.2987,6.0,0.0,0.0,1.0
31.3013,6.0,0.0,0.0,1.0
31.3988,6.0,0.0,0.0,1.0
31.4013,6.0,0.0,0.0,1.0
31.4988,6.0,0.0,0.0,1.0
31.5012,6.0,0.0,0.0,1.0
31.5987,6.0,0.0,0.0,1.0
31.6012,6.0,0.0,0.0,1.0
31.6987,6.0,0.0,0.0,1.0
31.7013,6.0,0.0,0.0,1.0
31.7987,6.0,0.0,0.0,1.0
31.8013,6.0,0.0,0.0,1.0
31.8988,6.0,0.0,0.0,1.0
31.9013,6.0,0.0,0.0,1.0
31.9988,6.0,0.0,0.0,1.0
32.0013,6.0,0.0,0.0,1.0
32.0988,6.0,0.0,0.0,1.0
32.1012,6.0,0.0,0.0,1.0
32.1987,6.0,0.0,0.0,1.0
32.2012,6.0,0.0,0.0,1.0
32.2987,6.0,0.0,0.0,1.0
32.3013,6.0,0.0,0.0,1.0
32.3988,6.0,0.0,0.0,1.0
32.4012,6.0,0.0,0.0,1.0
32.4987,6.0,0.0,0.0,1.0
32.5013,6.0,0.0,0.0,1.0
32.5988,6.0,0.0,0.0,1.0
32.6012,6.0,0.0,0.0,1.0
32.6987,6.0,0.0,0.0,1.0
32.7012,6.0,0.0,0.0,1.0
32.7987,6.0,0.0,0.0,1.0
32.8013,6.0,0.0,0.0,1.0
32.8988,6.0,0.0,0.0,1.0
32.9012,6.0,0.0,0.0,1.0
32.9987,6.0,0.0,0.0,1.0
33.0013,6.0,0.0,0.0,1.0
33.0988,6.0,0.0,0.0,1.0
33.1012,6.0,0.0,0.0,1.0
33.1987,6.0,0.0,0.0,1.0
33.2012,6.0,0.0,0.0,1.0
33.2987,6.0,0.0,0.0,1.0
33.3013,6.0,0.0,0.0,1.0
33.3988,6.0,0.0,0.0,1.0
33.4012,6.0,0.0,0.0,1.0
33.4987,6.0,0.0,0.0,1.0
33.5013,6.0,0.0,0.0,1.0
33.5988,6.0,0.0,0.0,1.0
33.6012,6.0,0.0,0.0,1.0
33.6987,6.0,0.0,0.0,1.0
33.7012,6.0,0.0,0.0,1.0
33.7987,6.0,0.0,0.0,1.0
33.8013,6.0,0.0,0.0,1.0
33.8988,6.0,0.0,0.0,1.0
33.9012,6.0,0.0,0.0,1.0
33.9987,6.0,0.0,0.0,1.0
34.0013,6.0,0.0,0.0,1.0
34.0988,6.0,0.0,0.0,1.0
34.1012,6.0,0.0,0.0,1.0
34.1987,6.0,0.0,0.0,1.0
34.2012,6.0,0.0,0.0,1.0
34.2987,6.0,0.0,0.0,1.0
34.3013,6.0,0.0,0.0,1.0
34.3988,6.0,0.0,0.0,1.0
34.4012,6.0,0.0,0.0,1.0
34.4987,6.0,0.0,0.0,1.0
34.5013,6.0,0.0,0.0,1.0
34.5988,6.0,0.0,0.0,1.0
34.6012,6.0,0.0,0.0,1.0
34.6987,6.0,0.0,0.0,1.0
34.7012,6.0,0.0,0.0,1.0
34.7987,6.0,0.0,0.0,1.0
34.8013,6.0,0.0,0.0,1.0
34.8988,6.0,0.0,0.0,1.0
34.9012,6.0,0.0,0.0,1.0
34.9987,6.0,0.0,0.0,1.0
35.0013,6.0,0.0,0.0,1.0
35.0988,6.0,0.0,0.0,1.0
35.1012,6.0,0.0,0.0,1.0
35.1987,6.0,0.0,0.0,1.0
35.2012,6.0,0.0,0.0,1.0
35.2987,6.0,0.0,0.0,1.0
35.3013,6.0,0.0,0.0,1.0
35.3988,6.0,0.0,0.0,1.0
35.4012,6.0,0.0,0.0,1.0
35.4987,6.0,0.0,0.0,1.0
35.5013,6.0,0.0,0.0,1.0
35.5988,6.0,0.0,0.0,1.0
35.6012,6.0,0.0,0.0,1.0
35.6987,6.0,0.0,0.0,1.0
35.7012,6.0,0.0,0.0,1.0
35.7987,6.0,0.0,0.0,1.0
35.8013,6.0,0.0,0.0,1.0
35.8988,6.0,0.0,0.0,1.0
35.9012,6.0,0.0,0.0,1.0
35.9987,6.0,0.0,0.0,1.0
36.0013,6.0,0.0,0.0,1.0
36.0988,6.0,0.0,0.0,1.0
36.1012,6.0,0.0,0.0,1.0
36.1987,6.0,0.0,0.0,1.0
36.2012,6.0,0.0,0.0,1.0
36.2987,6.0,0.0,0.0,1.0
36.3013,6.0,0.0,0.0,1.0
36.3988,6.0,0.0,0.0,1.0
36.4012,6.0,0.0,0.0,1.0
36.4987,6.0,0.0,0.0,1.0
36.5013,6.0,0.0,0.0,1.0
36.5988,6.0,0.0,0.0,1.0
36.6012,6.0,0.0,0.0,1.0
36.6987,6.0,0.0,0.0,1.0
36.7012,6.0,0.0,0.0,1.0
36.7987,6.0,0.0,0.0,1.0
36.8013,6.0,0.0,0.0,1.0
36.8988,6.0,0.0,0.0,1.0
36.9012,6.0,0.0,0.0,1.0
36.9987,6.0,0.0,0.0,1.0
37.0013,6.0,0.0,0.0,1.0
37.0988,6.0,0.0,0.0,1.0
37.1012,6.0,0.0,0.0,1.0
37.1987,6.0,0.0,0.0,1.0
37.2012,6.0,0.0,0.0,1.0
37.2987,6.0,0.0,0.0,1.0
37.3013,6.0,0.0,0.0,1.0
37.3988,6.0,0.0,0.0,1.0
37.4012,6.0,0.0,0.0,1.0
37.4987,6.0,0.0,0.0,1.0
37.5013,6.0,0.0,0.0,1.0
37.5988,6.0,0.0,0.0,1.0
37.6012,6.0,0.0,0.0,1.0
37.6987,6.0,0.0,0.0,1.0
37.7012,6.0,0.0,0.0,1.0
37.7987,6.0,0.0,0.0,1.0
37.8013,6.0,0.0,0.0,1.0
37.8988,6.0,0.0,0.0,1.0
37.9012,6.0,0.0,0.0,1.0
37.9987,6.0,0.0,0.0,1.0
38.0013,6.0,0.0,0.0,1.0
38.0988,6.0,0.0,0.0,1.0
38.1012,6.0,0.0,0.0,1.0
38.1987,6.0,0.0,0.0,1.0
38.2012,6.0,0.0,0.0,1.0
38.2987,6.0,0.0,0.0,1.0
38.3013,6.0,0.0,0.0,1.0
38.3988,6.0,0.0,0.0,1.0
38.4012,6.0,0.0,0.0,1.0
38.4987,6.0,0.0,0.0,1.0
38.5013,6.0,0.0,0.0,1.0
38.5988,6.0,0.0,0.0,1.0
38.6012,6.0,0.0,0.0,1.0
38.6987,6.0,0.0,0.0,1.0
38.7012,6.0,0.0,0.0,1.0
38.7987,6.0,0.0,0.0,1.0
38.8013,6.0,0.0,0.0,1.0
38.8988,6.0,0.0,0.0,1.0
38.9012,6.0,0.0,0.0,1.0
38.9987,6.0,0.0,0.0,1.0
39.0013,6.0,0.0,0.0,1.0
39.0988,6.0,0.0,0.0,1.0
39.1012,6.0,0.0,0.0,1.0
39.1987,6.0,0.0,0.0,1.0
39.2012,6.0,0.0,0.0,1.0
39.2987,6.0,0.0,0.0,1.0
39.3013,6.0,0.0,0.0,1.0
39.3988,6.0,0.0,0.0,1.0
39.4012,6.0,0.0,0.0,1.0
39.4987,6.0,0.0,0.0,1.0
39.5013,6.0,0.0,0.0,1.0
39.5988,6.0,0.0,0.0,1.0
39.6012,6.0,0.0,0.0,1.0
39.6987,6.0,0.0,0.0,1.0
39.7012,6.0,0.0,0.0,1.0
39.7987,6.0,0.0,0.0,1.0
39.8013,6.0,0.0,0.0,1.0
39.8988,6.0,0.0,0.0,1.0
39.9012,6.0,0.0,0.0,1.0
39.9987,6.0,0.0,0.0,1.0
40.0013,6.0,0.0,0.0,1.0
40.0988,6.0,0.0,0.0,1.0
40.1012,6.0,0.0,0.0,1.0
40.1987,6.0,0.0,0.0,1.0
40.2012,6.0,0.0,0.0,1.0
40.2987,6.0,0.0,0.0,1.0
40.3013,6.0,0.0,0.0,1.0
40.3988,6.0,0.0,0.0,1.0
40.4012,6.0,0.0,0.0,1.0
40.4987,6.0,0.0,0.0,1.0
40.5013,6.0,0.0,0.0,1.0
40.5988,6.0,0.0,0.0,1.0
40.6012,6.0,0.0,0.0,1.0
40.6987,6.0,0.0,0.0,1.0
40.7012,6.0,0.0,0.0,1.0
40.7987,6.0,0.0,0.0,1.0
40.8013,6.0,0.0,0.0,1.0
40.8988,6.0,0.0,0.0,1.0
40.9012,6.0,0.0,0.0,1.0
40.9987,6.0,0.0,0.0,1.0
41.0013,6.0,0.0,0.0,1.0
41.0988,6.0,0.0,0.0,1.0
41.1012,6.0,0.0,0.0,1.0
41.1987,6.0,0.0,0.0,1.0
41.2012,6.0,0.0,0.0,1.0
41.2987,6.0,0.0,0.0,1.0
41.3013,6.0,0.0,0.0,1.0
41.3988,6.0,0.0,0.0,1.0
41.4012,6.0,0.0,0.0,1.0
41.4987,6.0,0.0,0.0,1.0
41.5013,6.0,0.0,0.0,1.0
41.5988,6.0,0.0,0.0,1.0
41.6012,6.0,0.0,0.0,1.0
41.6987,6.0,0.0,0.0,1.0
41.7012,6.0,0.0,0.0,1.0
41.7987,6.0,0.0,0.0,1.0
41.8013,6.0,0.0,0.0,1.0
41.8988,6.0,0.0,0.0,1.0
41.9012,6.0,0.0,0.0,1.0
41.9987,6.0,0.0,0.0,1.0
42.0013,6.0,0.0,0.0,1.0
42.0988,6.0,0.0,0.0,1.0
42.1012,6.0,0.0,0.0,1.0
42.1987,6.0,0.0,0.0,1.0
42.2012,6.0,0.0,0.0,1.0
42.2987,6.0,0.0,0.0,1.0
42.3013,6.0,0.0,0.0,1.0
42.3988,6.0,0.0,0.0,1.0
42.4012,6.0,0.0,0.0,1.0
42.4987,6.0,0.0,0.0,1.0
42.5013,6.0,0.0,0.0,1.0
42.5988,6.0,0.0,0.0,1.0
42.6012,6.0,0.0,0.0,1.0
42.6987,6.0,0.0,0.0,1.0
42.7012,6.0,0.0,0.0,1.0
42.7987,6.0,0.0,0.0,1.0
42.8013,6.0,0.0,0.0,1.0
42.8988,6.0,0.0,0.0,1.0
42.9012,6.0,0.0,0.0,1.0
42.9987,6.0,0.0,0.0,1.0
43.0013,6.0,0.0,0.0,1.0
43.0988,6.0,0.0,0.0,1.0
43.1012,6.0,0.0,0.0,1.0
43.1987,6.0,0.0,0.0,1.0
43.2012,6.0,0.0,0.0,1.0
43.2987,6.0,0.0,0.0,1.0
43.3013,6.0,0.0,0.0,1.0
43.3988,6.0,0.0,0.0,1.0
43.4012,6.0,0.0,0.0,1.0
43.4987,6.0,0.0,0.0,1.0
43.5013,6.0,0.0,0.0,1.0
43.5988,6.0,0.0,0.0,1.0
43.6012,6.0,0.0,0.0,1.0
43.6987,6.0,0.0,0.0,1.0
43.7012,6.0,0.0,0.0,1.0
43.7987,6.0,0.0,0.0,1.0
43.8013,6.0,0.0,0.0,1.0
43.8988,6.0,0.0,0.0,1.0
43.9012,6.0,0.0,0.0,1.0
43.9987,6.0,0.0,0.0,1.0
44.0013,6.0,0.0,0.0,1.0
44.0988,6.0,0.0,0.0,1.0
44.1012,6.0,0.0,0.0,1.0
44.1987,6.0,0.0,0.0,1.0
44.2012,6.0,0.0,0.0,1.0
44.2987,6.0,0.0,0.0,1.0
44.3013,6.0,0.0,0.0,1.0
44.3988,6.0,0.0,0.0,1.0
44.4012,6.0,0.0,0.0,1.0
44.4987,6.0,0.0,0.0,1.0
44.5013,6.0,0.0,0.0,1.0
44.5988,6.0,0.0,0.0,1.0
44.6012,6.0,0.0,0.0,1.0
44.6987,6.0,0.0,0.0,1.0
44.7012,6.0,0.0,0.0,1.0
44.7987,6.0,0.0,0.0,1.0
44.8013,6.0,0.0,0.0,1.0
44.8988,6.0,0.0,0.0,1.0
44.9012,6.0,0.0,0.0,1.0
44.9987,6.0,0.0,0.0,1.0
45.0013,6.0,0.0,0.0,1.0
45.0988,6.0,0.0,0.0,1.0
45.1012,6.0,0.0,0.0,1.0
45.1987,6.0,0.0,0.0,1.0
45.2012,6.0,0.0,0.0,1.0
45.2987,6.0,0.0,0.0,1.0
45.3013,6.0,0.0,0.0,1.0
45.3988,6.0,0.0,0.0,1.0
45.4012,6.0,0.0,0.0,1.0
45.4987,6.0,0.0,0.0,1.0
45.5013,6.0,0.0,0.0,1.0
45.5988,6.0,0.0,0.0,1.0
45.6012,6.0,0.0,0.0,1.0
45.6987,6.0,0.0,0.0,1.0
45.7012,6.0,0.0,0.0,1.0
45.7987,6.0,0.0,0.0,1.0
45.8013,6.0,0.0,0.0,1.0
45.8988,6.0,0.0,0.0,1.0
45.9012,6.0,0.0,0.0,1.0
45.9987,6.0,0.0,0.0,1.0
46.0013,6.0,0.0,0.0,1.0
46.0988,6.0,0.0,0.0,1.0
46.1012,6.0,0.0,0.0,1.0
46.1987,6.0,0.0,0.0,1.0
46.2012,6.0,0.0,0.0,1.0
46.2987,6.0,0.0,0.0,1.0
46.3013,6.0,0.0,0.0,1.0
46.3988,6.0,0.0,0.0,1.0
46.4012,6.0,0.0,0.0,1.0
46.4987,6.0,0.0,0.0,1.0
46.5013,6.0,0.0,0.0,1.0
46.5988,6.0,0.0,0.0,1.0
46.6012,6.0,0.0,0.0,1.0
46.6987,6.0,0.0,0.0,1.0
46.7012,6.0,0.0,0.0,1.0
46.7987,6.0,0.0,0.0,1.0
46.8013,6.0,0.0,0.0,1.0
46.8988,6.0,0.0,0.0,1.0
46.9012,6.0,0.0,0.0,1.0
46.9987,6.0,0.0,0.0,1.0
47.0013,6.0,0.0,0.0,1.0
47.0988,6.0,0.0,0.0,1.0
47.1012,6.0,0.0,0.0,1.0
47.1987,6.0,0.0,0.0,1.0
47.2012,6.0,0.0,0.0,1.0
47.2987,6.0,0.0,0.0,1.0
47.3013,6.0,0.0,0.0,1.0
47.3988,6.0,0.0,0.0,1.0
47.4012,6.0,0.0,0.0,1.0
47.4987,6.0,0.0,0.0,1.0
47.5013,6.0,0.0,0.0,1.0
47.5988,6.0,0.0,0.0,1.0
47.6012,6.0,0.0,0.0,1.0
47.6987,6.0,0.0,0.0,1.0
47.7012,6.0,0.0,0.0,1.0
47.7987,6.0,0.0,0.0,1.0
47.8013,6.0,0.0,0.0,1.0
47.8988,6.0,0.0,0.0,1.0
47.9012,6.0,0.0,0.0,1.0
47.9987,6.0,0.0,0.0,1.0
48.0013,6.0,0.0,0.0,1.0
48.0988,6.0,0.0,0.0,1.0
48.1012,6.0,0.0,0.0,1.0
48.1987,6.0,0.0,0.0,1.0
48.2012,6.0,0.0,0.0,1.0
48.2987,6.0,0.0,0.0,1.0
48.3013,6.0,0.0,0.0,1.0
48.3988,6.0,0.0,0.0,1.0
48.4012,6.0,0.0,0.0,1.0
48.4987,6.0,0.0,0.0,1.0
48.5013,6.0,0.0,0.0,1.0
48.5988,6.0,0.0,0.0,1.0
48.6012,6.0,0.0,0.0,1.0
48.6987,6.0,0.0,0.0,1.0
48.7012,6.0,0.0,0.0,1.0
48.7987,6.0,0.0,0.0,1.0
48.8013,6.0,0.0,0.0,1.0
48.8988,6.0,0.0,0.0,1.0
48.9012,6.0,0.0,0.0,1.0
48.9987,6.0,0.0,0.0,1.0
49.0013,6.0,0.0,0.0,1.0
49.0988,6.0,0.0,0.0,1.0
49.1012,6.0,0.0,0.0,1.0
49.1987,6.0,0.0,0.0,1.0
49.2012,6.0,0.0,0.0,1.0
49.2987,6.0,0.0,0.0,1.0
49.3013,6.0,0.0,0.0,1.0
49.3988,6.0,0.0,0.0,1.0
49.4012,6.0,0.0,0.0,1.0
49.4987,6.0,0.0,0.0,1.0
49.5013,6.0,0.0,0.0,1.0
49.5988,6.0,0.0,0.0,1.0
49.6012,6.0,0.0,0.0,1.0
49.6987,6.0,0.0,0.0,1.0
49.7012,6.0,0.0,0.0,1.0
49.7987,6.0,0.0,0.0,1.0
49.8013,6.0,0.0,0.0,1.0
49.8988,6.0,0.0,0.0,1.0
49.9012,6.0,0.0,0.0,1.0
49.9987,6.0,0.0,0.0,1.0
50.0013,6.0,0.0,0.0,1.0
50.0988,6.0,0.0,0.0,1.0
50.1012,6.0,0.0,0.0,1.0
50.1987,6.0,0.0,0.0,1.0
50.2012,6.0,0.0,0.0,1.0
50.2987,6.0,0.0,0.0,1.0
50.3013,6.0,0.0,0.0,1.0
50.3988,6.0,0.0,0.0,1.0
50.4012,6.0,0.0,0.0,1.0
50.4987,6.0,0.0,0.0,1.0
50.5013,6.0,0.0,0.0,1.0
50.5988,6.0,0.0,0.0,1.0
50.6012,6.0,0.0,0.0,1.0
50.6987,6.0,0.0,0.0,1.0
50.7012,6.0,0.0,0.0,1.0
50.7987,6.0,0.0,0.0,1.0
50.8013,6.0,0.0,0.0,1.0
50.8988,6.0,0.0,0.0,1.0
50.9012,6.0,0.0,0.0,1.0
50.9987,6.0,0.0,0.0,1.0
51.0013,6.0,0.0,0.0,1.0
51.0988,6.0,0.0,0.0,1.0
51.1012,6.0,0.0,0.0,1.0
51.1987,6.0,0.0,0.0,1.0
51.2012,6.0,0.0,0.0,1.0
51.2987,6.0,0.0,0.0,1.0
51.3013,6.0,0.0,0.0,1.0
51.3988,6.0,0.0,0.0,1.0
51.4012,6.0,0.0,0.0,1.0
51.4987,6.0,0.0,0.0,1.0
51.5013,6.0,0.0,0.0,1.0
51.5988,6.0,0.0,0.0,1.0
51.6012,6.0,0.0,0.0,1.0
51.6987,6.0,0.0,0.0,1.0
51.7012,6.0,0.0,0.0,1.0
51.7987,6.0,0.0,0.0,1.0
51.8013,6.0,0.0,0.0,1.0
51.8988,6.0,0.0,0.0,1.0
51.9012,6.0,0.0,0.0,1.0
51.9987,6.0,0.0,0.0,1.0
52.0013,6.0,0.0,0.0,1.0
52.0988,6.0,0.0,0.0,1.0
52.1012,6.0,0.0,0.0,1.0
52.1987,6.0,0.0,0.0,1.0
52.2012,6.0,0.0,0.0,1.0
52.2987,6.0,0.0,0.0,1.0
52.3013,6.0,0.0,0.0,1.0
52.3988,6.0,0.0,0.0,1.0
52.4012,6.0,0.0,0.0,1.0
52.4987,6.0,0.0,0.0,1.0
52.5013,6.0,0.0,0.0,1.0
52.5988,6.0,0.0,0.0,1.0
52.6012,6.0,0.0,0.0,1.0
52.6987,6.0,0.0,0.0,1.0
52.7012,6.0,0.0,0.0,1.0
52.7987,6.0,0.0,0.0,1.0
52.8013,6.0,0.0,0.0,1.0
52.8988,6.0,0.0,0.0,1.0
52.9012,6.0,0.0,0.0,1.0
52.9987,6.0,0.0,0.0,1.0
53.0013,6.0,0.0,0.0,1.0
53.0988,6.0,0.0,0.0,1.0
53.1012,6.0,0.0,0.0,1.0
53.1987,6.0,0.0,0.0,1.0
53.2012,6.0,0.0,0.0,1.0
53.2987,6.0,0.0,0.0,1.0
53.3013,6.0,0.0,0.0,1.0
53.3988,6.0,0.0,0.0,1.0
53.4012,6.0,0.0,0.0,1.0
53.4987,6.0,0.0,0.0,1.0
53.5013,6.0,0.0,0.0,1.0
53.5988,6.0,0.0,0.0,1.0
53.6012,6.0,0.0,0.0,1.0
53.6987,6.0,0.0,0.0,1.0
53.7012,6.0,0.0,0.0,1.0
53.7987,6.0,0.0,0.0,1.0
53.8013,6.0,0.0,0.0,1.0
53.8988,6.0,0.0,0.0,1.0
53.9012,6.0,0.0,0.0,1.0
53.9987,6.0,0.0,0.0,1.0
54.0013,6.0,0.0,0.0,1.0
54.0988,6.0,0.0,0.0,1.0
54.1012,6.0,0.0,0.0,1.0
54.1987,6.0,0.0,0.0,1.0
54.2012,6.0,0.0,0.0,1.0
54.2987,6.0,0.0,0.0,1.0
54.3013,6.0,0.0,0.0,1.0
54.3988,6.0,0.0,0.0,1.0
54.4012,6.0,0.0,0.0,1.0
54.4987,6.0,0.0,0.0,1.0
54.5013,6.0,0.0,0.0,1.0
54.5988,6.0,0.0,0.0,1.0
54.6012,6.0,0.0,0.0,1.0
54.6987,6.0,0.0,0.0,1.0
54.7012,6.0,0.0,0.0,1.0
54.7987,6.0,0.0,0.0,1.0
54.8013,6.0,0.0,0.0,1.0
54.8988,6.0,0.0,0.0,1.0
54.9012,6.0,0.0,0.0,1.0
54.9987,6.0,0.0,0.0,1.0
55.0013,6.0,0.0,0.0,1.0
55.0988,6.0,0.0,0.0,1.0
55.1012,6.0,0.0,0.0,1.0
55.1987,6.0,0.0,0.0,1.0
55.2012,6.0,0.0,0.0,1.0
55.2987,6.0,0.0,0.0,1.0
55.3013,6.0,0.0,0.0,1.0
55.3988,6.0,0.0,0.0,1.0
55.4012,6.0,0.0,0.0,1.0
55.4987,6.0,0.0,0.0,1.0
55.5013,6.0,0.0,0.0,1.0
55.5988,6.0,0.0,0.0,1.0
55.6012,6.0,0.0,0.0,1.0
55.6987,6.0,0.0,0.0,1.0
55.7012,6.0,0.0,0.0,1.0
55.7987,6.0,0.0,0.0,1.0
55.8013,6.0,0.0,0.0,1.0
55.8988,6.0,0.0,0.0,1.0
55.9012,6.0,0.0,0.0,1.0
55.9987,6.0,0.0,0.0,1.0
56.0013,6.0,0.0,0.0,1.0
56.0988,6.0,0.0,0.0,1.0
56.1012,6.0,0.0,0.0,1.0
56.1987,6.0,0.0,0.0,1.0
56.2012,6.0,0.0,0.0,1.0
56.2987,6.0,0.0,0.0,1.0
56.3013,6.0,0.0,0.0,1.0
56.3988,6.0,0.0,0.0,1.0
56.4012,6.0,0.0,0.0,1.0
56.4987,6.0,0.0,0.0,1.0
56.5013,6.0,0.0,0.0,1.0
56.5988,6.0,0.0,0.0,1.0
56.6012,6.0,0.0,0.0,1.0
56.6987,6.0,0.0,0.0,1.0
56.7012,6.0,0.0,0.0,1.0
56.7987,6.0,0.0,0.0,1.0
56.8013,6.0,0.0,0.0,1.0
56.8988,6.0,0.0,0.0,1.0
56.9012,6.0,0.0,0.0,1.0
56.9987,6.0,0.0,0.0,1.0
57.0013,6.0,0.0,0.0,1.0
57.0988,6.0,0.0,0.0,1.0
57.1012,6.0,0.0,0.0,1.0
57.1987,6.0,0.0,0.0,1.0
57.2012,6.0,0.0,0.0,1.0
57.2987,6.0,0.0,0.0,1.0
57.3013,6.0,0.0,0.0,1.0
57.3988,6.0,0.0,0.0,1.0
57.4012,6.0,0.0,0.0,1.0
57.4987,6.0,0.0,0.0,1.0
57.5013,6.0,0.0,0.0,1.0
57.5988,6.0,0.0,0.0,1.0
57.6012,6.0,0.0,0.0,1.0
57.6987,6.0,0.0,0.0,1.0
57.7012,6.0,0.0,0.0,1.0
57.7987,6.0,0.0,0.0,1.0
57.8013,6.0,0.0,0.0,1.0
57.8988,6.0,0.0,0.0,1.0
57.9012,6.0,0.0,0.0,1.0
57.9987,6.0,0.0,0.0,1.0
58.0013,6.0,0.0,0.0,1.0
58.0988,6.0,0.0,0.0,1.0
58.1012,6.0,0.0,0.0,1.0
58.1987,6.0,0.0,0.0,1.0
58.2012,6.0,0.0,0.0,1.0
58.2987,6.0,0.0,0.0,1.0
58.3013,6.0,0.0,0.0,1.0
58.3988,6.0,0.0,0.0,1.0
58.4012,6.0,0.0,0.0,1.0
58.4987,6.0,0.0,0.0,1.0
58.5013,6.0,0.0,0.0,1.0
58.5988,6.0,0.0,0.0,1.0
58.6012,6.0,0.0,0.0,1.0
58.6987,6.0,0.0,0.0,1.0
58.7012,6.0,0.0,0.0,1.0
58.7987,6.0,0.0,0.0,1.0
58.8013,6.0,0.0,0.0,1.0
58.8988,6.0,0.0,0.0,1.0
58.9012,6.0,0.0,0.0,1.0
58.9987,6.0,0.0,0.0,1.0
59.0013,6.0,0.0,0.0,1.0
59.0988,6.0,0.0,0.0,1.0
59.1012,6.0,0.0,0.0,1.0
59.1987,6.0,0.0,0.0,1.0
59.2012,6.0,0.0,0.0,1.0
59.2987,6.0,0.0,0.0,1.0
59.3013,6.0,0.0,0.0,1.0
59.3988,6.0,0.0,0.0,1.0
59.4012,6.0,0.0,0.0,1.0
59.4987,6.0,0.0,0.0,1.0
59.5013,6.0,0.0,0.0,1.0
59.5988,6.0,0.0,0.0,1.0
59.6012,6.0,0.0,0.0,1.0
59.6987,6.0,0.0,0.0,1.0
59.7012,6.0,0.0,0.0,1.0
59.7987,6.0,0.0,0.0,1.0
59.8013,6.0,0.0,0.0,1.0
59.8988,6.0,0.0,0.0,1.0
59.9012,6.0,0.0,0.0,1.0
59.9987,6.0,0.0,0.0,1.0
60.0013,6.0,0.0,0.0,1.0
60.0988,6.0,0.0,0.0,1.0
60.1012,6.0,0.0,0.0,1.0
60.1987,6.0,0.0,0.0,1.0
60.2012,6.0,0.0,0.0,1.0
60.2987,6.0,0.0,0.0,1.0
60.3013,6.0,0.0,0.0,1.0
60.3988,6.0,0.0,0.0,1.0
60.4012,6.0,0.0,0.0,1.0
60.4987,6.0,0.0,0.0,1.0
60.5013,6.0,0.0,0.0,1.0
60.5988,6.0,0.0,0.0,1.0
60.6012,6.0,0.0,0.0,1.0
60.6987,6.0,0.0,0.0,1.0
60.7012,6.0,0.0,0.0,1.0
60.7987,6.0,0.0,0.0,1.0
60.8013,6.0,0.0,0.0,1.0
60.8988,6.0,0.0,0.0,1.0
60.9012,6.0,0.0,0.0,1.0
60.9987,6.0,0.0,0.0,1.0
61.0013,6.0,0.0,0.0,1.0
61.0988,6.0,0.0,0.0,1.0
61.1012,6.0,0.0,0.0,1.0
61.1987,6.0,0.0,0.0,1.0
61.2012,6.0,0.0,0.0,1.0
61.2987,6.0,0.0,0.0,1.0
61.3013,6.0,0.0,0.0,1.0
61.3988,6.0,0.0,0.0,1.0
61.4012,6.0,0.0,0.0,1.0
61.4987,6.0,0.0,0.0,1.0
61.5013,6.0,0.0,0.0,1.0
61.5988,6.0,0.0,0.0,1.0
61.6012,6.0,0.0,0.0,1.0
61.6987,6.0,0.0,0.0,1.0
61.7012,6.0,0.0,0.0,1.0
61.7987,6.0,0.0,0.0,1.0
61.8013,6.0,0.0,0.0,1.0
61.8988,6.0,0.0,0.0,1.0
61.9012,6.0,0.0,0.0,1.0
61.9987,6.0,0.0,0.0,1.0
62.0013,6.0,0.0,0.0,1.0
62.0988,6.0,0.0,0.0,1.0
62.1012,6.0,0.0,0.0,1.0
62.1987,6.0,0.0,0.0,1.0
62.2012,6.0,0.0,0.0,1.0
62.2987,6.0,0.0,0.0,1.0
62.3013,6.0,0.0,0.0,1.0
62.3988,6.0,0.0,0.0,1.0
62.4012,6.0,0.0,0.0,1.0
62.4987,6.0,0.0,0.0,1.0
62.5013,6.0,0.0,0.0,1.0
62.5988,6.0,0.0,0.0,1.0
62.6012,6.0,0.0,0.0,1.0
62.6987,6.0,0.0,0.0,1.0
62.7012,6.0,0.0,0.0,1.0
62.7987,6.0,0.0,0.0,1.0
62.8013,6.0,0.0,0.0,1.0
62.8988,6.0,0.0,0.0,1.0
62.9012,6.0,0.0,0.0,1.0
62.9987,6.0,0.0,0.0,1.0
63.0013,6.0,0.0,0.0,1.0
63.0988,6.0,0.0,0.0,1.0
63.1012,6.0,0.0,0.0,1.0
63.1987,6.0,0.0,0.0,1.0
63.2012,6.0,0.0,0.0,1.0
63.2987,6.0,0.0,0.0,1.0
63.3013,6.0,0.0,0.0,1.0
63.3988,6.0,0.0,0.0,1.0
63.4012,6.0,0.0,0.0,1.0
63.4987,6.0,0.0,0.0,1.0
63.5013,6.0,0.0,0.0,1.0
63.5988,6.0,0.0,0.0,1.0
63.6012,6.0,0.0,0.0,1.0
63.6987,6.0,0.0,0.0,1.0
63.7012,6.0,0.0,0.0,1.0
63.7987,6.0,0.0,0.0,1.0
63.8013,6.0,0.0,0.0,1.0
63.8988,6.0,0.0,0.0,1.0
63.9012,6.0,0.0,0.0,1.0
63.9987,6.0,0.0,0.0,1.0
64.0013,6.0,0.0,0.0,1.0
64.0987,6.0,0.0,0.0,1.0
64.1012,6.0,0.0,0.0,1.0
64.1988,6.0,0.0,0.0,1.0
64.2012,6.0,0.0,0.0,1.0
64.2988,6.0,0.0,0.0,1.0
64.3012,6.0,0.0,0.0,1.0
64.3988,6.0,0.0,0.0,1.0
64.4013,6.0,0.0,0.0,1.0
64.4987,6.0,0.0,0.0,1.0
64.5013,6.0,0.0,0.0,1.0
64.5987,6.0,0.0,0.0,1.0
64.6012,6.0,0.0,0.0,1.0
64.6988,6.0,0.0,0.0,1.0
64.7012,6.0,0.0,0.0,1.0
64.7988,6.0,0.0,0.0,1.0
64.8012,6.0,0.0,0.0,1.0
64.8988,6.0,0.0,0.0,1.0
64.9013,6.0,0.0,0.0,1.0
64.9987,6.0,0.0,0.0,1.0
65.0013,6.0,0.0,0.0,1.0
65.0987,6.0,0.0,0.0,1.0
65.1012,6.0,0.0,0.0,1.0
65.1988,6.0,0.0,0.0,1.0
65.2012,6.0,0.0,0.0,1.0
65.2988,6.0,0.0,0.0,1.0
65.3012,6.0,0.0,0.0,1.0
65.3988,6.0,0.0,0.0,1.0
65.4013,6.0,0.0,0.0,1.0
65.4987,6.0,0.0,0.0,1.0
65.5013,6.0,0.0,0.0,1.0
65.5987,6.0,0.0,0.0,1.0
65.6012,6.0,0.0,0.0,1.0
65.6988,6.0,0.0,0.0,1.0
65.7012,6.0,0.0,0.0,1.0
65.7988,6.0,0.0,0.0,1.0
65.8012,6.0,0.0,0.0,1.0
65.8988,6.0,0.0,0.0,1.0
65.9013,6.0,0.0,0.0,1.0
65.9987,6.0,0.0,0.0,1.0
66.0013,6.0,0.0,0.0,1.0
66.0987,6.0,0.0,0.0,1.0
66.1012,6.0,0.0,0.0,1.0
66.1988,6.0,0.0,0.0,1.0
66.2012,6.0,0.0,0.0,1.0
66.2988,6.0,0.0,0.0,1.0
66.3012,6.0,0.0,0.0,1.0
66.3988,6.0,0.0,0.0,1.0
66.4013,6.0,0.0,0.0,1.0
66.4987,6.0,0.0,0.0,1.0
66.5013,6.0,0.0,0.0,1.0
66.5987,6.0,0.0,0.0,1.0
66.6012,6.0,0.0,0.0,1.0
66.6988,6.0,0.0,0.0,1.0
66.7012,6.0,0.0,0.0,1.0
66.7988,6.0,0.0,0.0,1.0
66.8012,6.0,0.0,0.0,1.0
66.8988,6.0,0.0,0.0,1.0
66.9013,6.0,0.0,0.0,1.0
66.9987,6.0,0.0,0.0,1.0
67.0013,6.0,0.0,0.0,1.0
67.0987,6.0,0.0,0.0,1.0
67.1012,6.0,0.0,0.0,1.0
67.1988,6.0,0.0,0.0,1.0
67.2012,6.0,0.0,0.0,1.0
67.2988,6.0,0.0,0.0,1.0
67.3012,6.0,0.0,0.0,1.0
67.3988,6.0,0.0,0.0,1.0
67.4013,6.0,0.0,0.0,1.0
67.4987,6.0,0.0,0.0,1.0
67.5013,6.0,0.0,0.0,1.0
67.5987,6.0,0.0,0.0,1.0
67.6012,6.0,0.0,0.0,1.0
67.6988,6.0,0.0,0.0,1.0
67.7012,6.0,0.0,0.0,1.0
67.7988,6.0,0.0,0.0,1.0
67.8012,6.0,0.0,0.0,1.0
67.8988,6.0,0.0,0.0,1.0
67.9013,6.0,0.0,0.0,1.0
67.9987,6.0,0.0,0.0,1.0
68.0013,6.0,0.0,0.0,1.0
68.0987,6.0,0.0,0.0,1.0
68.1012,6.0,0.0,0.0,1.0
68.1988,6.0,0.0,0.0,1.0
68.2012,6.0,0.0,0.0,1.0
68.2988,6.0,0.0,0.0,1.0
68.3012,6.0,0.0,0.0,1.0
68.3988,6.0,0.0,0.0,1.0
68.4013,6.0,0.0,0.0,1.0
68.4987,6.0,0.0,0.0,1.0
68.5013,6.0,0.0,0.0,1.0
68.5987,6.0,0.0,0.0,1.0
68.6012,6.0,0.0,0.0,1.0
68.6988,6.0,0.0,0.0,1.0
68.7012,6.0,0.0,0.0,1.0
68.7988,6.0,0.0,0.0,1.0
68.8012,6.0,0.0,0.0,1.0
68.8988,6.0,0.0,0.0,1.0
68.9013,6.0,0.0,0.0,1.0
68.9987,6.0,0.0,0.0,1.0
69.0013,6.0,0.0,0.0,1.0
69.0987,6.0,0.0,0.0,1.0
69.1012,6.0,0.0,0.0,1.0
69.1988,6.0,0.0,0.0,1.0
69.2012,6.0,0.0,0.0,1.0
69.2988,6.0,0.0,0.0,1.0
69.3012,6.0,0.0,0.0,1.0
69.3988,6.0,0.0,0.0,1.0
69.4013,6.0,0.0,0.0,1.0
69.4987,6.0,0.0,0.0,1.0
69.5013,6.0,0.0,0.0,1.0
69.5987,6.0,0.0,0.0,1.0
69.6012,6.0,0.0,0.0,1.0
69.6988,6.0,0.0,0.0,1.0
69.7012,6.0,0.0,0.0,1.0
69.7988,6.0,0.0,0.0,1.0
69.8012,6.0,0.0,0.0,1.0
69.8988,6.0,0.0,0.0,1.0
69.9013,6.0,0.0,0.0,1.0
69.9987,6.0,0.0,0.0,1.0
70.0013,6.0,0.0,0.0,1.0
70.0987,6.0,0.0,0.0,1.0
70.1012,6.0,0.0,0.0,1.0
70.1988,6.0,0.0,0.0,1.0
70.2012,6.0,0.0,0.0,1.0
70.2988,6.0,0.0,0.0,1.0
70.3012,6.0,0.0,0.0,1.0
70.3988,6.0,0.0,0.0,1.0
70.4013,6.0,0.0,0.0,1.0
70.4987,6.0,0.0,0.0,1.0
70.5013,6.0,0.0,0.0,1.0
70.5987,6.0,0.0,0.0,1.0
70.6012,6.0,0.0,0.0,1.0
70.6988,6.0,0.0,0.0,1.0
70.7012,6.0,0.0,0.0,1.0
70.7988,6.0,0.0,0.0,1.0
70.8012,6.0,0.0,0.0,1.0
70.8988,6.0,0.0,0.0,1.0
70.9013,6.0,0.0,0.0,1.0
70.9987,6.0,0.0,0.0,1.0
71.0013,6.0,0.0,0.0,1.0
71.0987,6.0,0.0,0.0,1.0
71.1012,6.0,0.0,0.0,1.0
71.1988,6.0,0.0,0.0,1.0
71.2012,6.0,0.0,0.0,1.0
71.2988,6.0,0.0,0.0,1.0
71.3012,6.0,0.0,0.0,1.0
71.3988,6.0,0.0,0.0,1.0
71.4013,6.0,0.0,0.0,1.0
71.4987,6.0,0.0,0.0,1.0
71.5013,6.0,0.0,0.0,1.0
71.5987,6.0,0.0,0.0,1.0
71.6012,6.0,0.0,0.0,1.0
71.6988,6.0,0.0,0.0,1.0
71.7012,6.0,0.0,0.0,1.0
71.7988,6.0,0.0,0.0,1.0
71.8012,6.0,0.0,0.0,1.0
71.8988,6.0,0.0,0.0,1.0
71.9013,6.0,0.0,0.0,1.0
71.9987,6.0,0.0,0.0,1.0
72.0013,6.0,0.0,0.0,1.0
72.0987,6.0,0.0,0.0,1.0
72.1012,6.0,0.0,0.0,1.0
72.1988,6.0,0.0,0.0,1.0
72.2012,6.0,0.0,0.0,1.0
72.2988,6.0,0.0,0.0,1.0
72.3012,6.0,0.0,0.0,1.0
72.3988,6.0,0.0,0.0,1.0
72.4013,6.0,0.0,0.0,1.0
72.4987,6.0,0.0,0.0,1.0
72.5013,6.0,0.0,0.0,1.0
72.5987,6.0,0.0,0.0,1.0
72.6012,6.0,0.0,0.0,1.0
72.6988,6.0,0.0,0.0,1.0
72.7012,6.0,0.0,0.0,1.0
72.7988,6.0,0.0,0.0,1.0
72.8012,6.0,0.0,0.0,1.0
72.8988,6.0,0.0,0.0,1.0
72.9013,6.0,0.0,0.0,1.0
72.9987,6.0,0.0,0.0,1.0
73.0013,6.0,0.0,0.0,1.0
73.0987,6.0,0.0,0.0,1.0
73.1012,6.0,0.0,0.0,1.0
73.1988,6.0,0.0,0.0,1.0
73.2012,6.0,0.0,0.0,1.0
73.2988,6.0,0.0,0.0,1.0
73.3012,6.0,0.0,0.0,1.0
73.3988,6.0,0.0,0.0,1.0
73.4013,6.0,0.0,0.0,1.0
73.4987,6.0,0.0,0.0,1.0
73.5013,6.0,0.0,0.0,1.0
73.5987,6.0,0.0,0.0,1.0
73.6012,6.0,0.0,0.0,1.0
73.6988,6.0,0.0,0.0,1.0
73.7012,6.0,0.0,0.0,1.0
73.7988,6.0,0.0,0.0,1.0
73.8012,6.0,0.0,0.0,1.0
73.8988,6.0,0.0,0.0,1.0
73.9013,6.0,0.0,0.0,1.0
73.9987,6.0,0.0,0.0,1.0
74.0013,6.0,0.0,0.0,1.0
74.0987,6.0,0.0,0.0,1.0
74.1012,6.0,0.0,0.0,1.0
74.1988,6.0,0.0,0.0,1.0
74.2012,6.0,0.0,0.0,1.0
74.2988,6.0,0.0,0.0,1.0
74.3012,6.0,0.0,0.0,1.0
74.3988,6.0,0.0,0.0,1.0
74.4013,6.0,0.0,0.0,1.0
74.4987,6.0,0.0,0.0,1.0
74.5013,6.0,0.0,0.0,1.0
74.5987,6.0,0.0,0.0,1.0
74.6012,6.0,0.0,0.0,1.0
74.6988,6.0,0.0,0.0,1.0
74.7012,6.0,0.0,0.0,1.0
74.7988,6.0,0.0,0.0,1.0
74.8012,6.0,0.0,0.0,1.0
74.8988,6.0,0.0,0.0,1.0
74.9013,6.0,0.0,0.0,1.0
74.9987,6.0,0.0,0.0,1.0
75.0013,6.0,0.0,0.0,1.0
75.0987,6.0,0.0,0.0,1.0
75.1012,6.0,0.0,0.0,1.0
75.1988,6.0,0.0,0.0,1.0
75.2012,6.0,0.0,0.0,1.0
75.2988,6.0,0.0,0.0,1.0
75.3012,6.0,0.0,0.0,1.0
75.3988,6.0,0.0,0.0,1.0
75.4013,6.0,0.0,0.0,1.0
75.4987,6.0,0.0,0.0,1.0
75.5013,6.0,0.0,0.0,1.0
75.5987,6.0,0.0,0.0,1.0
75.6012,6.0,0.0,0.0,1.0
75.6988,6.0,0.0,0.0,1.0
75.7012,6.0,0.0,0.0,1.0
75.7988,6.0,0.0,0.0,1.0
75.8012,6.0,0.0,0.0,1.0
75.8988,6.0,0.0,0.0,1.0
75.9013,6.0,1.0,0.0,1.0
75.9987,6.0,1.0,0.0,1.0
76.0013,6.0,1.0,0.0,1.0
76.0987,6.0,1.0,0.0,1.0
76.1012,6.0,1.0,0.0,1.0
76.1988,6.0,1.0,0.0,1.0
76.2012,6.0,1.0,0.0,1.0
76.2988,6.0,1.0,0.0,1.0
76.3012,6.0,1.0,0.0,1.0
76.3988,6.0,1.0,0.0,1.0
76.4013,6.0,1.0,0.0,1.0
76.4987,6.0,1.0,0.0,1.0
76.5013,6.0,1.0,0.0,1.0
76.5987,6.0,1.0,0.0,1.0
76.6012,6.0,1.0,0.0,1.0
76.6988,6.0,1.0,0.0,1.0
76.7012,6.0,1.0,0.0,1.0
76.7988,6.0,1.0,0.0,1.0
76.8012,6.0,1.0,0.0,1.0
76.8988,6.0,1.0,0.0,1.0
76.9013,6.0,1.0,0.0,1.0
76.9987,6.0,1.0,0.0,1.0
77.0013,6.0,1.0,0.0,1.0
77.0987,6.0,1.0,0.0,1.0
77.1012,6.0,1.0,0.0,1.0
77.1988,6.0,1.0,0.0,1.0
77.2012,6.0,1.0,0.0,1.0
77.2988,6.0,1.0,0.0,1.0
77.3012,6.0,1.0,0.0,1.0
77.3988,6.0,1.0,0.0,1.0
77.4013,6.0,1.0,0.0,1.0
77.4987,6.0,1.0,0.0,1.0
77.5013,6.0,1.0,0.0,1.0
77.5987,6.0,1.0,0.0,1.0
77.6012,6.0,1.0,0.0,1.0
77.6988,6.0,1.0,0.0,1.0
77.7012,6.0,1.0,0.0,1.0
77.7988,6.0,1.0,0.0,1.0
77.8012,6.0,1.0,0.0,0.0
77.8988,6.0,1.0,0.0,0.0
77.9013,6.0,1.0,0.0,0.0
77.9987,6.0,1.0,0.0,0.0
78.0013,6.0,1.0,0.0,0.0
78.0987,6.0,1.0,0.0,0.0
78.1012,6.0,1.0,0.0,0.0
78.1988,6.0,1.0,0.0,0.0
78.2012,6.0,1.0,0.0,0.0
78.2988,6.0,1.0,0.0,0.0
78.3012,6.0,1.0,0.0,0.0
78.3988,6.0,1.0,0.0,0.0
78.4013,6.0,1.0,0.0,0.0
78.4987,6.0,1.0,0.0,0.0
78.5013,6.0,1.0,0.0,0.0
78.5987,6.0,1.0,0.0,0.0
78.6012,6.0,1.0,0.0,0.0
78.6988,6.0,1.0,0.0,0.0
78.7988,6.0,1.0,0.0,0.0
78.8988,6.0,1.0,0.0,0.0
78.9987,6.0,1.0,0.0,0.0
79.0987,6.0,1.0,0.0,0.0
79.1988,6.0,1.0,0.0,0.0
79.2988,6.0,1.0,0.0,0.0
79.3988,6.0,1.0,0.0,0.0
79.4987,6.0,1.0,0.0,0.0
79.5987,6.0,1.0,0.0,0.0
79.6988,6.0,1.0,0.0,0.0
79.7988,6.0,1.0,0.0,0.0
79.8988,6.0,1.0,0.0,0.0
79.9987,6.0,1.0,0.0,0.0
80.0987,6.0,1.0,0.0,0.0
80.1988,6.0,1.0,0.0,0.0
80.2988,6.0,1.0,0.0,0.0
80.3988,6.0,1.0,0.0,0.0
80.4987,6.0,1.0,0.0,0.0
80.5987,6.0,1.0,0.0,0.0
