Time (seconds), Duration (seconds),pred_unlabelled,pred_Normal,pred_Noise
0.00125,1.99750,0.27766,0.55872,0.16362
0.10125,1.99750,0.38267,0.43310,0.18423
0.20125,1.99750,0.43977,0.36642,0.19381
0.30125,1.99750,0.46700,0.33298,0.20002
0.40125,1.99750,0.48068,0.31700,0.20232
0.50125,1.99750,0.48487,0.31113,0.20400
0.60125,1.99750,0.48617,0.30913,0.20470
0.70125,1.99750,0.48647,0.30846,0.20507
0.80125,1.99750,0.48675,0.30789,0.20536
0.90125,1.99750,0.48695,0.30748,0.20557
1.00125,1.99750,0.48715,0.30703,0.20582
1.10125,1.99750,0.48729,0.30669,0.20602
1.20125,1.99750,0.48738,0.30646,0.20616
1.30125,1.99750,0.48742,0.30629,0.20628
1.40125,1.99750,0.48745,0.30613,0.20642
1.50125,1.99750,0.48745,0.30598,0.20656
1.60125,1.99750,0.48744,0.30587,0.20669
1.70125,1.99750,0.48743,0.30578,0.20680
1.80125,1.99750,0.48740,0.30571,0.20689
1.90125,1.99750,0.48736,0.30566,0.20698
2.00125,1.99750,0.48732,0.30562,0.20705
2.10125,1.99750,0.48729,0.30559,0.20711
2.20125,1.99750,0.48727,0.30557,0.20716
2.30125,1.99750,0.48725,0.30555,0.20720
2.40125,1.99750,0.48724,0.30553,0.20724
2.50125,1.99750,0.48722,0.30552,0.20726
2.60125,1.99750,0.48721,0.30551,0.20728
2.70125,1.99750,0.48720,0.30550,0.20730
2.80125,1.99750,0.48720,0.30549,0.20731
2.90125,1.99750,0.48719,0.30549,0.20732
3.00125,1.99750,0.48719,0.30548,0.20733
3.10125,1.99750,0.48719,0.30548,0.20734
3.20125,1.99750,0.48718,0.30548,0.20734
3.30125,1.99750,0.48718,0.30547,0.20735
3.40125,1.99750,0.48718,0.30547,0.20735
3.50125,1.99750,0.48718,0.30547,0.20735
3.60125,1.99750,0.48718,0.30547,0.20735
3.70125,1.99750,0.48718,0.30547,0.20736
3.80125,1.99750,0.48718,0.30547,0.20736
3.90125,1.99750,0.48717,0.30547,0.20736
4.00125,1.99750,0.48717,0.30547,0.20736
4.10125,1.99750,0.48717,0.30547,0.20736
4.20125,1.99750,0.48717,0.30547,0.20736
4.30125,1.99750,0.48717,0.30547,0.20736
4.40125,1.99750,0.48717,0.30547,0.20736
4.50125,1.99750,0.48717,0.30547,0.20736
4.60125,1.99750,0.48717,0.30547,0.20736
4.70125,1.99750,0.48717,0.30547,0.20736
4.80125,1.99750,0.48717,0.30547,0.20736
4.90125,1.99750,0.48717,0.30547,0.20736
5.00125,1.99750,0.48717,0.30547,0.20736
5.10125,1.99750,0.48717,0.30547,0.20736
5.20125,1.99750,0.48717,0.30547,0.20736
5.30125,1.99750,0.48717,0.30547,0.20736
5.40125,1.99750,0.48717,0.30547,0.20736
5.50125,1.99750,0.48717,0.30547,0.20736
5.60125,1.99750,0.48717,0.30547,0.20736
5.70125,1.99750,0.48717,0.30547,0.20736
5.80125,1.99750,0.48717,0.30547,0.20736
5.90125,1.99750,0.48717,0.30547,0.20736
6.00125,1.99750,0.48717,0.30547,0.20736
6.10125,1.99750,0.48717,0.30547,0.20736
6.20125,1.99750,0.48717,0.30547,0.20736
6.30125,1.99750,0.48717,0.30547,0.20736
6.40125,1.99750,0.48717,0.30547,0.20736
6.50125,1.99750,0.48717,0.30547,0.20736
6.60125,1.99750,0.48717,0.30547,0.20736
6.70125,1.99750,0.48717,0.30547,0.20736
6.80125,1.99750,0.48717,0.30547,0.20736
6.90125,1.99750,0.48717,0.30547,0.20736
7.00125,1.99750,0.48717,0.30547,0.20736
7.10125,1.99750,0.48717,0.30547,0.20736
7.20125,1.99750,0.48717,0.30547,0.20736
7.30125,1.99750,0.48717,0.30547,0.20736
7.40125,1.99750,0.48717,0.30547,0.20736
7.50125,1.99750,0.48717,0.30547,0.20736
7.60125,1.99750,0.48717,0.30547,0.20736
7.70125,1.99750,0.48717,0.30547,0.20736
7.80125,1.99750,0.48717,0.30547,0.20736
7.90125,1.99750,0.48717,0.30547,0.20736
8.00125,1.99750,0.48717,0.30547,0.20736
8.10125,1.99750,0.48717,0.30547,0.20736
8.20125,1.99750,0.48717,0.30547,0.20736
8.30125,1.99750,0.48717,0.30547,0.20736
8.40125,1.99750,0.48717,0.30547,0.20736
8.50125,1.99750,0.48717,0.30547,0.20736
8.60125,1.99750,0.48717,0.30547,0.20736
8.70125,1.99750,0.48717,0.30547,0.20736
8.80125,1.99750,0.48717,0.30547,0.20736
8.90125,1.99750,0.48717,0.30547,0.20736
9.00125,1.99750,0.48717,0.30547,0.20736
9.10125,1.99750,0.48717,0.30547,0.20736
9.20125,1.99750,0.48717,0.30547,0.20736
9.30125,1.99750,0.48717,0.30547,0.20736
9.40125,1.99750,0.48717,0.30547,0.20736
9.50125,1.99750,0.48717,0.30547,0.20736
9.60125,1.99750,0.48717,0.30547,0.20736
9.70125,1.99750,0.48717,0.30547,0.20736
9.80125,1.99750,0.48717,0.30547,0.20736
9.90125,1.99750,0.48717,0.30547,0.20736
10.00125,1.99750,0.48717,0.30547,0.20736
10.10125,1.99750,0.48717,0.30547,0.20736
10.20125,1.99750,0.48717,0.30547,0.20736
10.30125,1.99750,0.48717,0.30547,0.20736
10.40125,1.99750,0.48717,0.30547,0.20736
10.50125,1.99750,0.48717,0.30547,0.20736
10.60125,1.99750,0.48717,0.30547,0.20736
10.70125,1.99750,0.48717,0.30547,0.20736
10.80125,1.99750,0.48717,0.30547,0.20736
10.90125,1.99750,0.48717,0.30547,0.20736
11.00125,1.99750,0.48717,0.30547,0.20736
11.10125,1.99750,0.48717,0.30547,0.20736
11.20125,1.99750,0.48717,0.30547,0.20736
11.30125,1.99750,0.48717,0.30547,0.20736
11.40125,1.99750,0.48717,0.30547,0.20736
11.50125,1.99750,0.48717,0.30547,0.20736
11.60125,1.99750,0.48717,0.30547,0.20736
11.70125,1.99750,0.48717,0.30547,0.20736
11.80125,1.99750,0.48717,0.30547,0.20736
11.90125,1.99750,0.48717,0.30547,0.20736
12.00125,1.99750,0.48717,0.30547,0.20736
12.10125,1.99750,0.48717,0.30547,0.20736
12.20125,1.99750,0.48717,0.30547,0.20736
12.30125,1.99750,0.48717,0.30547,0.20736
12.40125,1.99750,0.48717,0.30547,0.20736
12.50125,1.99750,0.48717,0.30547,0.20736
12.60125,1.99750,0.48717,0.30547,0.20736
12.70125,1.99750,0.48717,0.30547,0.20736
12.80125,1.99750,0.48717,0.30547,0.20736
12.90125,1.99750,0.48717,0.30547,0.20736
13.00125,1.99750,0.48717,0.30547,0.20736
13.10125,1.99750,0.48717,0.30547,0.20736
13.20125,1.99750,0.48717,0.30547,0.20736
13.30125,1.99750,0.48717,0.30547,0.20736
13.40125,1.99750,0.48717,0.30547,0.20736
13.50125,1.99750,0.48717,0.30547,0.20736
13.60125,1.99750,0.48717,0.30547,0.20736
13.70125,1.99750,0.48717,0.30547,0.20736
13.80125,1.99750,0.48717,0.30547,0.20736
13.90125,1.99750,0.48717,0.30547,0.20736
14.00125,1.99750,0.48717,0.30547,0.20736
14.10125,1.99750,0.48717,0.30547,0.20736
14.20125,1.99750,0.48717,0.30547,0.20736
14.30125,1.99750,0.48717,0.30547,0.20736
14.40125,1.99750,0.48717,0.30547,0.20736
14.50125,1.99750,0.48717,0.30547,0.20736
14.60125,1.99750,0.48717,0.30547,0.20736
14.70125,1.99750,0.48717,0.30547,0.20736
14.80125,1.99750,0.48717,0.30547,0.20736
14.90125,1.99750,0.48717,0.30547,0.20736
15.00125,1.99750,0.48717,0.30547,0.20736
15.10125,1.99750,0.48717,0.30547,0.20736
15.20125,1.99750,0.48717,0.30547,0.20736
15.30125,1.99750,0.48717,0.30547,0.20736
15.40125,1.99750,0.48717,0.30547,0.20736
15.50125,1.99750,0.48717,0.30547,0.20736
15.60125,1.99750,0.48717,0.30547,0.20736
15.70125,1.99750,0.48717,0.30547,0.20736
15.80125,1.99750,0.48717,0.30547,0.20736
15.90125,1.99750,0.48717,0.30547,0.20736
16.00125,1.99750,0.48717,0.30547,0.20736
16.10125,1.99750,0.48717,0.30547,0.20736
16.20125,1.99750,0.48717,0.30547,0.20736
16.30125,1.99750,0.48717,0.30547,0.20736
16.40125,1.99750,0.48717,0.30547,0.20736
16.50125,1.99750,0.48717,0.30547,0.20736
16.60125,1.99750,0.48717,0.30547,0.20736
16.70125,1.99750,0.48717,0.30547,0.20736
16.80125,1.99750,0.48717,0.30547,0.20736
16.90125,1.99750,0.48717,0.30547,0.20736
17.00125,1.99750,0.48717,0.30547,0.20736
17.10125,1.99750,0.48717,0.30547,0.20736
17.20125,1.99750,0.48717,0.30547,0.20736
17.30125,1.99750,0.48717,0.30547,0.20736
17.40125,1.99750,0.48717,0.30547,0.20736
17.50125,1.99750,0.48717,0.30547,0.20736
17.60125,1.99750,0.48717,0.30547,0.20736
17.70125,1.99750,0.48717,0.30547,0.20736
17.80125,1.99750,0.48717,0.30547,0.20736
17.90125,1.99750,0.48717,0.30547,0.20736
18.00125,1.99750,0.48717,0.30547,0.20736
18.10125,1.99750,0.48717,0.30547,0.20736
18.20125,1.99750,0.48717,0.30547,0.20736
18.30125,1.99750,0.48717,0.30547,0.20736
18.40125,1.99750,0.48717,0.30547,0.20736
18.50125,1.99750,0.48717,0.30547,0.20736
18.60125,1.99750,0.48717,0.30547,0.20736
18.70125,1.99750,0.48717,0.30547,0.20736
18.80125,1.99750,0.48717,0.30547,0.20736
18.90125,1.99750,0.48717,0.30547,0.20736
19.00125,1.99750,0.48717,0.30547,0.20736
19.10125,1.99750,0.48717,0.30547,0.20736
19.20125,1.99750,0.48717,0.30547,0.20736
19.30125,1.99750,0.48717,0.30547,0.20736
19.40125,1.99750,0.48717,0.30547,0.20736
19.50125,1.99750,0.48717,0.30547,0.20736
19.60125,1.99750,0.48717,0.30547,0.20736
19.70125,1.99750,0.48717,0.30547,0.20736
19.80125,1.99750,0.48717,0.30547,0.20736
19.90125,1.99750,0.48717,0.30547,0.20736
20.00125,1.99750,0.48717,0.30547,0.20736
20.10125,1.99750,0.48717,0.30547,0.20736
20.20125,1.99750,0.48717,0.30547,0.20736
20.30125,1.99750,0.48717,0.30547,0.20736
20.40125,1.99750,0.48717,0.30547,0.20736
20.50125,1.99750,0.48717,0.30547,0.20736
20.60125,1.99750,0.48717,0.30547,0.20736
20.70125,1.99750,0.48717,0.30547,0.20736
20.80125,1.99750,0.48717,0.30547,0.20736
20.90125,1.99750,0.48717,0.30547,0.20736
21.00125,1.99750,0.48717,0.30547,0.20736
21.10125,1.99750,0.48717,0.30547,0.20736
21.20125,1.99750,0.48717,0.30547,0.20736
21.30125,1.99750,0.48717,0.30547,0.20736
21.40125,1.99750,0.48717,0.30547,0.20736
21.50125,1.99750,0.48717,0.30547,0.20736
21.60125,1.99750,0.48717,0.30547,0.20736
21.70125,1.99750,0.48717,0.30547,0.20736
21.80125,1.99750,0.48717,0.30547,0.20736
21.90125,1.99750,0.48717,0.30547,0.20736
22.00125,1.99750,0.48717,0.30547,0.20736
22.10125,1.99750,0.48717,0.30547,0.20736
22.20125,1.99750,0.48717,0.30547,0.20736
22.30125,1.99750,0.48717,0.30547,0.20736
22.40125,1.99750,0.48717,0.30547,0.20736
22.50125,1.99750,0.48717,0.30547,0.20736
22.60125,1.99750,0.48717,0.30547,0.20736
22.70125,1.99750,0.48717,0.30547,0.20736
22.80125,1.99750,0.48717,0.30547,0.20736
22.90125,1.99750,0.48717,0.30547,0.20736
23.00125,1.99750,0.48717,0.30547,0.20736
23.10125,1.99750,0.48717,0.30547,0.20736
23.20125,1.99750,0.48717,0.30547,0.20736
23.30125,1.99750,0.48717,0.30547,0.20736
23.40125,1.99750,0.48717,0.30547,0.20736
23.50125,1.99750,0.48717,0.30547,0.20736
23.60125,1.99750,0.48717,0.30547,0.20736
23.70125,1.99750,0.48717,0.30547,0.20736
23.80125,1.99750,0.48717,0.30547,0.20736
23.90125,1.99750,0.48717,0.30547,0.20736
24.00125,1.99750,0.48717,0.30547,0.20736
24.10125,1.99750,0.48717,0.30547,0.20736
24.20125,1.99750,0.48717,0.30547,0.20736
24.30125,1.99750,0.48717,0.30547,0.20736
24.40125,1.99750,0.48717,0.30547,0.20736
24.50125,1.99750,0.48717,0.30547,0.20736
24.60125,1.99750,0.48717,0.30547,0.20736
24.70125,1.99750,0.48717,0.30547,0.20736
24.80125,1.99750,0.48717,0.30547,0.20736
24.90125,1.99750,0.48717,0.30547,0.20736
25.00125,1.99750,0.48717,0.30547,0.20736
25.10125,1.99750,0.48717,0.30547,0.20736
25.20125,1.99750,0.48717,0.30547,0.20736
25.30125,1.99750,0.48717,0.30547,0.20736
25.40125,1.99750,0.48717,0.30547,0.20736
25.50125,1.99750,0.48717,0.30547,0.20736
25.60125,1.99750,0.48717,0.30547,0.20736
25.70125,1.99750,0.48717,0.30547,0.20736
25.80125,1.99750,0.48717,0.30547,0.20736
25.90125,1.99750,0.48717,0.30547,0.20736
26.00125,1.99750,0.48578,0.30682,0.20740
26.10125,1.99750,0.45582,0.34022,0.20396
26.20125,1.99750,0.42551,0.37242,0.20207
26.30125,1.99750,0.40441,0.39284,0.20275
26.40125,1.99750,0.39935,0.38120,0.21944
26.50125,1.99750,0.41768,0.31891,0.26342
26.60125,1.99750,0.44097,0.23020,0.32883
26.70125,1.99750,0.45112,0.14231,0.40657
26.80125,1.99750,0.43785,0.07584,0.48630
26.90125,1.99750,0.40343,0.03562,0.56095
27.00125,1.99750,0.35634,0.01511,0.62855
27.10125,1.99750,0.30482,0.00592,0.68926
27.20125,1.99750,0.25440,0.00218,0.74342
27.30125,1.99750,0.20815,0.00076,0.79109
27.40125,1.99750,0.16747,0.00026,0.83227
27.50125,1.99750,0.13291,0.00008,0.86701
27.60125,1.99750,0.10430,0.00003,0.89567
27.70125,1.99750,0.08107,0.00001,0.91892
27.80125,1.99750,0.06251,0.00000,0.93749
27.90125,1.99750,0.04789,0.00000,0.95211
28.00125,1.99750,0.03669,0.00000,0.96331
28.10125,1.99750,0.02927,0.00000,0.97073
28.20125,1.99750,0.02328,0.00000,0.97672
28.30125,1.99750,0.01870,0.00000,0.98130
28.40125,1.99750,0.01552,0.00000,0.98448
28.50125,1.99750,0.01334,0.00000,0.98666
28.60125,1.99750,0.01177,0.00000,0.98823
28.70125,1.99750,0.01065,0.00000,0.98935
28.80125,1.99750,0.00982,0.00000,0.99018
28.90125,1.99750,0.00920,0.00000,0.99080
29.00125,1.99750,0.00873,0.00000,0.99127
29.10125,1.99750,0.00837,0.00000,0.99163
29.20125,1.99750,0.00809,0.00000,0.99191
29.30125,1.99750,0.00787,0.00000,0.99213
29.40125,1.99750,0.00770,0.00000,0.99230
29.50125,1.99750,0.00756,0.00000,0.99244
29.60125,1.99750,0.00745,0.00000,0.99255
29.70125,1.99750,0.00736,0.00000,0.99264
29.80125,1.99750,0.00728,0.00000,0.99272
29.90125,1.99750,0.00723,0.00000,0.99277
30.00125,1.99750,0.00719,0.00000,0.99281
30.10125,1.99750,0.00717,0.00000,0.99283
30.20125,1.99750,0.00715,0.00000,0.99285
30.30125,1.99750,0.00714,0.00000,0.99286
30.40125,1.99750,0.00713,0.00000,0.99287
30.50125,1.99750,0.00713,0.00000,0.99287
30.60125,1.99750,0.00712,0.00000,0.99288
30.70125,1.99750,0.00712,0.00000,0.99288
30.80125,1.99750,0.00712,0.00000,0.99288
30.90125,1.99750,0.00713,0.00000,0.99287
31.00125,1.99750,0.00713,0.00000,0.99287
31.10125,1.99750,0.00714,0.00000,0.99286
31.20125,1.99750,0.00715,0.00000,0.99285
31.30125,1.99750,0.00716,0.00000,0.99284
31.40125,1.99750,0.00717,0.00000,0.99283
31.50125,1.99750,0.00717,0.00000,0.99283
31.60125,1.99750,0.00718,0.00000,0.99282
31.70125,1.99750,0.00719,0.00000,0.99281
31.80125,1.99750,0.00719,0.00000,0.99281
31.90125,1.99750,0.00720,0.00000,0.99280
32.00125,1.99750,0.00721,0.00000,0.99279
32.10125,1.99750,0.00721,0.00000,0.99279
32.20125,1.99750,0.00722,0.00000,0.99278
32.30125,1.99750,0.00723,0.00000,0.99277
32.40125,1.99750,0.00723,0.00000,0.99277
32.50125,1.99750,0.00724,0.00000,0.99276
32.60125,1.99750,0.00725,0.00000,0.99275
32.70125,1.99750,0.00725,0.00000,0.99275
32.80125,1.99750,0.00725,0.00000,0.99275
32.90125,1.99750,0.00726,0.00000,0.99274
33.00125,1.99750,0.00726,0.00000,0.99274
33.10125,1.99750,0.00726,0.00000,0.99274
33.20125,1.99750,0.00726,0.00000,0.99274
33.30125,1.99750,0.00726,0.00000,0.99274
33.40125,1.99750,0.00725,0.00000,0.99275
33.50125,1.99750,0.00725,0.00000,0.99275
33.60125,1.99750,0.00725,0.00000,0.99275
33.70125,1.99750,0.00725,0.00000,0.99275
33.80125,1.99750,0.00725,0.00000,0.99275
33.90125,1.99750,0.00725,0.00000,0.99275
34.00125,1.99750,0.00726,0.00000,0.99274
34.10125,1.99750,0.00726,0.00000,0.99274
34.20125,1.99750,0.00727,0.00000,0.99273
34.30125,1.99750,0.00728,0.00000,0.99272
34.40125,1.99750,0.00729,0.00000,0.99271
34.50125,1.99750,0.00730,0.00000,0.99270
34.60125,1.99750,0.00731,0.00000,0.99269
34.70125,1.99750,0.00732,0.00000,0.99268
34.80125,1.99750,0.00732,0.00000,0.99268
34.90125,1.99750,0.00732,0.00000,0.99268
35.00125,1.99750,0.00732,0.00000,0.99268
35.10125,1.99750,0.00732,0.00000,0.99268
35.20125,1.99750,0.00733,0.00000,0.99267
35.30125,1.99750,0.00732,0.00000,0.99268
35.40125,1.99750,0.00733,0.00000,0.99267
35.50125,1.99750,0.00733,0.00000,0.99267
35.60125,1.99750,0.00733,0.00000,0.99267
35.70125,1.99750,0.00733,0.00000,0.99267
35.80125,1.99750,0.00732,0.00000,0.99268
35.90125,1.99750,0.00732,0.00000,0.99268
36.00125,1.99750,0.00732,0.00000,0.99268
36.10125,1.99750,0.00731,0.00000,0.99269
36.20125,1.99750,0.00731,0.00000,0.99269
36.30125,1.99750,0.00730,0.00000,0.99270
36.40125,1.99750,0.00729,0.00000,0.99271
36.50125,1.99750,0.00729,0.00000,0.99271
36.60125,1.99750,0.00729,0.00000,0.99271
36.70125,1.99750,0.00729,0.00000,0.99271
36.80125,1.99750,0.00729,0.00000,0.99271
36.90125,1.99750,0.00729,0.00000,0.99271
37.00125,1.99750,0.00730,0.00000,0.99270
37.10125,1.99750,0.00729,0.00000,0.99271
37.20125,1.99750,0.00729,0.00000,0.99271
37.30125,1.99750,0.00728,0.00000,0.99272
37.40125,1.99750,0.00728,0.00000,0.99272
37.50125,1.99750,0.00728,0.00000,0.99272
37.60125,1.99750,0.00728,0.00000,0.99272
37.70125,1.99750,0.00728,0.00000,0.99272
37.80125,1.99750,0.00729,0.00000,0.99271
37.90125,1.99750,0.00728,0.00000,0.99272
38.00125,1.99750,0.00728,0.00000,0.99272
38.10125,1.99750,0.00728,0.00000,0.99272
38.20125,1.99750,0.00727,0.00000,0.99273
38.30125,1.99750,0.00727,0.00000,0.99273
38.40125,1.99750,0.00726,0.00000,0.99274
38.50125,1.99750,0.00724,0.00000,0.99276
38.60125,1.99750,0.00723,0.00000,0.99277
38.70125,1.99750,0.00722,0.00000,0.99278
38.80125,1.99750,0.00721,0.00000,0.99279
38.90125,1.99750,0.00720,0.00000,0.99280
39.00125,1.99750,0.00719,0.00000,0.99281
39.10125,1.99750,0.00719,0.00000,0.99281
39.20125,1.99750,0.00719,0.00000,0.99281
39.30125,1.99750,0.00719,0.00000,0.99281
39.40125,1.99750,0.00718,0.00000,0.99282
39.50125,1.99750,0.00717,0.00000,0.99283
39.60125,1.99750,0.00716,0.00000,0.99284
39.70125,1.99750,0.00715,0.00000,0.99285
39.80125,1.99750,0.00715,0.00000,0.99285
39.90125,1.99750,0.00715,0.00000,0.99285
40.00125,1.99750,0.00714,0.00000,0.99286
40.10125,1.99750,0.00714,0.00000,0.99286
40.20125,1.99750,0.00714,0.00000,0.99286
40.30125,1.99750,0.00714,0.00000,0.99286
40.40125,1.99750,0.00714,0.00000,0.99286
40.50125,1.99750,0.00715,0.00000,0.99285
40.60125,1.99750,0.00716,0.00000,0.99284
40.70125,1.99750,0.00717,0.00000,0.99283
40.80125,1.99750,0.00717,0.00000,0.99283
40.90125,1.99750,0.00717,0.00000,0.99283
41.00125,1.99750,0.00717,0.00000,0.99283
41.10125,1.99750,0.00717,0.00000,0.99283
41.20125,1.99750,0.00717,0.00000,0.99283
41.30125,1.99750,0.00717,0.00000,0.99283
41.40125,1.99750,0.00719,0.00000,0.99281
41.50125,1.99750,0.00720,0.00000,0.99280
41.60125,1.99750,0.00721,0.00000,0.99279
41.70125,1.99750,0.00723,0.00000,0.99277
41.80125,1.99750,0.00724,0.00000,0.99276
41.90125,1.99750,0.00724,0.00000,0.99276
42.00125,1.99750,0.00725,0.00000,0.99275
42.10125,1.99750,0.00727,0.00000,0.99273
42.20125,1.99750,0.00728,0.00000,0.99272
42.30125,1.99750,0.00729,0.00000,0.99271
42.40125,1.99750,0.00729,0.00000,0.99271
42.50125,1.99750,0.00728,0.00000,0.99272
42.60125,1.99750,0.00726,0.00000,0.99274
42.70125,1.99750,0.00723,0.00000,0.99277
42.80125,1.99750,0.00721,0.00000,0.99279
42.90125,1.99750,0.00718,0.00000,0.99282
43.00125,1.99750,0.00715,0.00000,0.99285
43.10125,1.99750,0.00712,0.00000,0.99288
43.20125,1.99750,0.00708,0.00000,0.99292
43.30125,1.99750,0.00704,0.00000,0.99296
43.40125,1.99750,0.00701,0.00000,0.99299
43.50125,1.99750,0.00698,0.00000,0.99302
43.60125,1.99750,0.00695,0.00000,0.99305
43.70125,1.99750,0.00692,0.00000,0.99308
43.80125,1.99750,0.00688,0.00000,0.99312
43.90125,1.99750,0.00684,0.00000,0.99316
44.00125,1.99750,0.00679,0.00000,0.99321
44.10125,1.99750,0.00672,0.00000,0.99328
44.20125,1.99750,0.00666,0.00000,0.99334
44.30125,1.99750,0.00658,0.00000,0.99342
44.40125,1.99750,0.00651,0.00000,0.99349
44.50125,1.99750,0.00643,0.00000,0.99357
44.60125,1.99750,0.00635,0.00000,0.99365
44.70125,1.99750,0.00628,0.00000,0.99372
44.80125,1.99750,0.00621,0.00000,0.99379
44.90125,1.99750,0.00615,0.00000,0.99385
45.00125,1.99750,0.00610,0.00000,0.99390
45.10125,1.99750,0.00605,0.00000,0.99395
45.20125,1.99750,0.00600,0.00000,0.99400
45.30125,1.99750,0.00594,0.00000,0.99406
45.40125,1.99750,0.00588,0.00000,0.99412
45.50125,1.99750,0.00581,0.00000,0.99419
45.60125,1.99750,0.00574,0.00000,0.99426
45.70125,1.99750,0.00567,0.00000,0.99433
45.80125,1.99750,0.00559,0.00000,0.99441
45.90125,1.99750,0.00553,0.00000,0.99447
46.00125,1.99750,0.00546,0.00000,0.99454
46.10125,1.99750,0.00541,0.00000,0.99459
46.20125,1.99750,0.00536,0.00000,0.99464
46.30125,1.99750,0.00532,0.00000,0.99468
46.40125,1.99750,0.00528,0.00000,0.99472
46.50125,1.99750,0.00525,0.00000,0.99475
46.60125,1.99750,0.00522,0.00000,0.99478
46.70125,1.99750,0.00519,0.00000,0.99481
46.80125,1.99750,0.00515,0.00000,0.99485
46.90125,1.99750,0.00510,0.00000,0.99490
47.00125,1.99750,0.00504,0.00000,0.99496
47.10125,1.99750,0.00497,0.00000,0.99503
47.20125,1.99750,0.00491,0.00000,0.99509
47.30125,1.99750,0.00484,0.00000,0.99516
47.40125,1.99750,0.00478,0.00000,0.99522
47.50125,1.99750,0.00473,0.00000,0.99527
47.60125,1.99750,0.00469,0.00000,0.99531
47.70125,1.99750,0.00467,0.00000,0.99533
47.80125,1.99750,0.00464,0.00000,0.99536
47.90125,1.99750,0.00462,0.00000,0.99538
48.00125,1.99750,0.00460,0.00000,0.99540
48.10125,1.99750,0.00459,0.00000,0.99541
48.20125,1.99750,0.00458,0.00000,0.99542
48.30125,1.99750,0.00459,0.00000,0.99541
48.40125,1.99750,0.00461,0.00000,0.99539
48.50125,1.99750,0.00464,0.00000,0.99536
48.60125,1.99750,0.00469,0.00000,0.99531
48.70125,1.99750,0.00475,0.00000,0.99525
48.80125,1.99750,0.00483,0.00000,0.99517
48.90125,1.99750,0.00493,0.00000,0.99507
49.00125,1.99750,0.00504,0.00000,0.99496
49.10125,1.99750,0.00517,0.00000,0.99483
49.20125,1.99750,0.00531,0.00000,0.99469
49.30125,1.99750,0.00545,0.00000,0.99455
49.40125,1.99750,0.00559,0.00000,0.99441
49.50125,1.99750,0.00573,0.00000,0.99427
49.60125,1.99750,0.00587,0.00000,0.99413
49.70125,1.99750,0.00600,0.00000,0.99400
49.80125,1.99750,0.00614,0.00000,0.99386
49.90125,1.99750,0.00629,0.00000,0.99371
50.00125,1.99750,0.00646,0.00000,0.99354
50.10125,1.99750,0.00663,0.00000,0.99337
50.20125,1.99750,0.00680,0.00000,0.99320
50.30125,1.99750,0.00695,0.00000,0.99305
50.40125,1.99750,0.00708,0.00000,0.99292
50.50125,1.99750,0.00720,0.00000,0.99280
50.60125,1.99750,0.00730,0.00000,0.99270
50.70125,1.99750,0.00738,0.00000,0.99262
50.80125,1.99750,0.00745,0.00000,0.99255
50.90125,1.99750,0.00754,0.00000,0.99246
51.00125,1.99750,0.00762,0.00000,0.99238
51.10125,1.99750,0.00768,0.00000,0.99232
51.20125,1.99750,0.00772,0.00000,0.99228
51.30125,1.99750,0.00776,0.00000,0.99224
51.40125,1.99750,0.00781,0.00000,0.99219
51.50125,1.99750,0.00786,0.00000,0.99214
51.60125,1.99750,0.00790,0.00000,0.99210
51.70125,1.99750,0.00792,0.00000,0.99208
51.80125,1.99750,0.00791,0.00000,0.99209
51.90125,1.99750,0.00788,0.00000,0.99212
52.00125,1.99750,0.00781,0.00000,0.99219
52.10125,1.99750,0.00771,0.00000,0.99229
52.20125,1.99750,0.00761,0.00000,0.99239
52.30125,1.99750,0.00750,0.00000,0.99250
52.40125,1.99750,0.00738,0.00000,0.99262
52.50125,1.99750,0.00725,0.00000,0.99275
52.60125,1.99750,0.00711,0.00000,0.99289
52.70125,1.99750,0.00695,0.00000,0.99305
52.80125,1.99750,0.00679,0.00000,0.99321
52.90125,1.99750,0.00661,0.00000,0.99339
53.00125,1.99750,0.00644,0.00000,0.99356
53.10125,1.99750,0.00627,0.00000,0.99373
53.20125,1.99750,0.00611,0.00000,0.99389
53.30125,1.99750,0.00594,0.00000,0.99406
53.40125,1.99750,0.00578,0.00000,0.99422
53.50125,1.99750,0.00562,0.00000,0.99438
53.60125,1.99750,0.00547,0.00000,0.99453
53.70125,1.99750,0.00534,0.00000,0.99466
53.80125,1.99750,0.00523,0.00000,0.99477
53.90125,1.99750,0.00514,0.00000,0.99486
54.00125,1.99750,0.00508,0.00000,0.99492
54.10125,1.99750,0.00503,0.00000,0.99497
54.20125,1.99750,0.00500,0.00000,0.99500
54.30125,1.99750,0.00499,0.00000,0.99501
54.40125,1.99750,0.00501,0.00000,0.99499
54.50125,1.99750,0.00505,0.00000,0.99495
54.60125,1.99750,0.00511,0.00000,0.99489
54.70125,1.99750,0.00520,0.00000,0.99480
54.80125,1.99750,0.00530,0.00000,0.99470
54.90125,1.99750,0.00541,0.00000,0.99459
55.00125,1.99750,0.00553,0.00000,0.99447
55.10125,1.99750,0.00566,0.00000,0.99434
55.20125,1.99750,0.00579,0.00000,0.99421
55.30125,1.99750,0.00595,0.00000,0.99405
55.40125,1.99750,0.00612,0.00000,0.99388
55.50125,1.99750,0.00632,0.00000,0.99368
55.60125,1.99750,0.00651,0.00000,0.99349
55.70125,1.99750,0.00670,0.00000,0.99330
55.80125,1.99750,0.00689,0.00000,0.99311
55.90125,1.99750,0.00709,0.00000,0.99291
56.00125,1.99750,0.00728,0.00000,0.99272
56.10125,1.99750,0.00746,0.00000,0.99254
56.20125,1.99750,0.00762,0.00000,0.99238
56.30125,1.99750,0.00777,0.00000,0.99223
56.40125,1.99750,0.00788,0.00000,0.99212
56.50125,1.99750,0.00796,0.00000,0.99204
56.60125,1.99750,0.00801,0.00000,0.99199
56.70125,1.99750,0.00802,0.00000,0.99197
56.80125,1.99750,0.00802,0.00000,0.99198
56.90125,1.99750,0.00803,0.00000,0.99197
57.00125,1.99750,0.00803,0.00000,0.99197
57.10125,1.99750,0.00803,0.00000,0.99197
57.20125,1.99750,0.00802,0.00000,0.99198
57.30125,1.99750,0.00798,0.00000,0.99202
57.40125,1.99750,0.00789,0.00000,0.99211
57.50125,1.99750,0.00776,0.00000,0.99224
57.60125,1.99750,0.00762,0.00000,0.99238
57.70125,1.99750,0.00748,0.00000,0.99252
57.80125,1.99750,0.00734,0.00000,0.99266
57.90125,1.99750,0.00719,0.00000,0.99281
58.00125,1.99750,0.00703,0.00000,0.99297
58.10125,1.99750,0.00687,0.00000,0.99313
58.20125,1.99750,0.00670,0.00000,0.99330
58.30125,1.99750,0.00653,0.00000,0.99347
58.40125,1.99750,0.00638,0.00000,0.99362
58.50125,1.99750,0.00623,0.00000,0.99377
58.60125,1.99750,0.00607,0.00000,0.99393
58.70125,1.99750,0.00593,0.00000,0.99407
58.80125,1.99750,0.00578,0.00000,0.99422
58.90125,1.99750,0.00563,0.00000,0.99437
59.00125,1.99750,0.00548,0.00000,0.99452
59.10125,1.99750,0.00535,0.00000,0.99465
59.20125,1.99750,0.00524,0.00000,0.99476
59.30125,1.99750,0.00515,0.00000,0.99485
59.40125,1.99750,0.00507,0.00000,0.99493
59.50125,1.99750,0.00501,0.00000,0.99499
59.60125,1.99750,0.00496,0.00000,0.99504
59.70125,1.99750,0.00493,0.00000,0.99507
59.80125,1.99750,0.00491,0.00000,0.99509
59.90125,1.99750,0.00491,0.00000,0.99509
60.00125,1.99750,0.00493,0.00000,0.99507
60.10125,1.99750,0.00497,0.00000,0.99503
60.20125,1.99750,0.00501,0.00000,0.99499
60.30125,1.99750,0.00507,0.00000,0.99493
60.40125,1.99750,0.00515,0.00000,0.99485
60.50125,1.99750,0.00526,0.00000,0.99474
60.60125,1.99750,0.00537,0.00000,0.99463
60.70125,1.99750,0.00550,0.00000,0.99450
60.80125,1.99750,0.00564,0.00000,0.99436
60.90125,1.99750,0.00579,0.00000,0.99421
61.00125,1.99750,0.00592,0.00000,0.99408
61.10125,1.99750,0.00604,0.00000,0.99396
61.20125,1.99750,0.00616,0.00000,0.99384
61.30125,1.99750,0.00628,0.00000,0.99372
61.40125,1.99750,0.00640,0.00000,0.99360
61.50125,1.99750,0.00653,0.00000,0.99347
61.60125,1.99750,0.00666,0.00000,0.99334
61.70125,1.99750,0.00680,0.00000,0.99320
61.80125,1.99750,0.00694,0.00000,0.99306
61.90125,1.99750,0.00705,0.00000,0.99295
62.00125,1.99750,0.00716,0.00000,0.99284
62.10125,1.99750,0.00725,0.00000,0.99275
62.20125,1.99751,0.00731,0.00000,0.99269
62.30125,1.99750,0.00737,0.00000,0.99263
62.40125,1.99750,0.00741,0.00000,0.99259
62.50125,1.99750,0.00746,0.00000,0.99254
62.60125,1.99750,0.00752,0.00000,0.99248
62.70125,1.99751,0.00758,0.00000,0.99242
62.80125,1.99750,0.00763,0.00000,0.99237
62.90125,1.99750,0.00769,0.00000,0.99231
63.00125,1.99750,0.00774,0.00000,0.99226
63.10125,1.99750,0.00778,0.00000,0.99222
63.20125,1.99751,0.00782,0.00000,0.99218
63.30125,1.99750,0.00784,0.00000,0.99216
63.40125,1.99750,0.00783,0.00000,0.99217
63.50125,1.99750,0.00781,0.00000,0.99219
63.60125,1.99750,0.00777,0.00000,0.99223
63.70125,1.99751,0.00771,0.00000,0.99229
63.80125,1.99750,0.00765,0.00000,0.99235
63.90125,1.99750,0.00758,0.00000,0.99242
64.00125,1.99750,0.00751,0.00000,0.99249
64.10125,1.99750,0.00743,0.00000,0.99257
64.20125,1.99751,0.00733,0.00000,0.99267
64.30125,1.99751,0.00723,0.00000,0.99277
64.40125,1.99750,0.00711,0.00000,0.99289
64.50125,1.99750,0.00700,0.00000,0.99300
64.60125,1.99750,0.00687,0.00000,0.99313
64.70125,1.99751,0.00675,0.00000,0.99325
64.80125,1.99751,0.00663,0.00000,0.99337
64.90125,1.99750,0.00652,0.00000,0.99348
65.00125,1.99750,0.00640,0.00000,0.99360
65.10125,1.99750,0.00629,0.00000,0.99371
65.20125,1.99751,0.00618,0.00000,0.99382
65.30125,1.99751,0.00606,0.00000,0.99394
65.40125,1.99750,0.00595,0.00000,0.99405
65.50125,1.99750,0.00583,0.00000,0.99417
65.60125,1.99750,0.00571,0.00000,0.99429
65.70125,1.99751,0.00560,0.00000,0.99440
65.80125,1.99751,0.00551,0.00000,0.99449
65.90125,1.99750,0.00542,0.00000,0.99458
66.00125,1.99750,0.00534,0.00000,0.99466
66.10125,1.99750,0.00527,0.00000,0.99473
66.20125,1.99751,0.00521,0.00000,0.99479
66.30125,1.99751,0.00515,0.00000,0.99485
66.40125,1.99750,0.00508,0.00000,0.99492
66.50125,1.99750,0.00502,0.00000,0.99498
66.60125,1.99750,0.00496,0.00000,0.99504
66.70125,1.99751,0.00490,0.00000,0.99510
66.80125,1.99751,0.00485,0.00000,0.99515
66.90125,1.99750,0.00479,0.00000,0.99521
67.00125,1.99750,0.00475,0.00000,0.99525
67.10125,1.99750,0.00471,0.00000,0.99529
67.20125,1.99751,0.00467,0.00000,0.99533
67.30125,1.99751,0.00464,0.00000,0.99536
67.40125,1.99750,0.00461,0.00000,0.99539
67.50125,1.99750,0.00458,0.00000,0.99542
67.60125,1.99750,0.00454,0.00000,0.99546
67.70125,1.99751,0.00450,0.00000,0.99550
67.80125,1.99751,0.00446,0.00000,0.99554
67.90125,1.99750,0.00442,0.00000,0.99558
68.00125,1.99750,0.00438,0.00000,0.99562
68.10125,1.99750,0.00434,0.00000,0.99566
68.20125,1.99751,0.00430,0.00000,0.99570
68.30125,1.99751,0.00427,0.00000,0.99573
68.40125,1.99750,0.00424,0.00000,0.99576
68.50125,1.99750,0.00421,0.00000,0.99579
68.60125,1.99750,0.00418,0.00000,0.99582
68.70125,1.99751,0.00415,0.00000,0.99584
68.80125,1.99751,0.00413,0.00000,0.99587
68.90125,1.99750,0.00412,0.00000,0.99588
69.00125,1.99750,0.00410,0.00000,0.99590
69.10125,1.99750,0.00410,0.00000,0.99590
69.20125,1.99751,0.00410,0.00000,0.99590
69.30125,1.99751,0.00410,0.00000,0.99590
69.40125,1.99750,0.00411,0.00000,0.99589
69.50125,1.99750,0.00412,0.00000,0.99588
69.60125,1.99750,0.00414,0.00000,0.99586
69.70125,1.99751,0.00415,0.00000,0.99585
69.80125,1.99751,0.00417,0.00000,0.99583
69.90125,1.99750,0.00419,0.00000,0.99581
70.00125,1.99750,0.00421,0.00000,0.99579
70.10125,1.99750,0.00424,0.00000,0.99576
70.20125,1.99751,0.00426,0.00000,0.99574
70.30125,1.99751,0.00429,0.00000,0.99571
70.40125,1.99750,0.00432,0.00000,0.99568
70.50125,1.99750,0.00435,0.00000,0.99565
70.60125,1.99750,0.00438,0.00000,0.99562
70.70125,1.99751,0.00441,0.00000,0.99559
70.80125,1.99751,0.00445,0.00000,0.99555
70.90125,1.99750,0.00448,0.00000,0.99552
71.00125,1.99750,0.00451,0.00000,0.99549
71.10125,1.99750,0.00454,0.00000,0.99546
71.20125,1.99751,0.00457,0.00000,0.99543
71.30125,1.99751,0.00461,0.00000,0.99539
71.40125,1.99750,0.00465,0.00000,0.99535
71.50125,1.99750,0.00469,0.00000,0.99531
71.60125,1.99750,0.00474,0.00000,0.99526
71.70125,1.99751,0.00479,0.00000,0.99521
71.80125,1.99751,0.00484,0.00000,0.99516
71.90125,1.99750,0.00489,0.00000,0.99511
72.00125,1.99750,0.00495,0.00000,0.99505
72.10125,1.99750,0.00501,0.00000,0.99499
72.20125,1.99751,0.00506,0.00000,0.99494
72.30125,1.99751,0.00512,0.00000,0.99488
72.40125,1.99750,0.00518,0.00000,0.99482
72.50125,1.99750,0.00524,0.00000,0.99476
72.60125,1.99750,0.00529,0.00000,0.99471
72.70125,1.99751,0.00535,0.00000,0.99465
72.80125,1.99751,0.00540,0.00000,0.99460
72.90125,1.99750,0.00546,0.00000,0.99454
73.00125,1.99750,0.00552,0.00000,0.99448
73.10125,1.99750,0.00557,0.00000,0.99443
73.20125,1.99751,0.00562,0.00000,0.99438
73.30125,1.99751,0.00566,0.00000,0.99434
73.40125,1.99750,0.00570,0.00000,0.99430
73.50125,1.99750,0.00573,0.00000,0.99427
73.60125,1.99750,0.00576,0.00000,0.99424
73.70125,1.99751,0.00579,0.00000,0.99421
73.80125,1.99751,0.00581,0.00000,0.99419
73.90125,1.99750,0.00583,0.00000,0.99417
74.00125,1.99750,0.00584,0.00000,0.99416
74.10125,1.99750,0.00586,0.00000,0.99414
74.20125,1.99751,0.00587,0.00000,0.99413
74.30125,1.99751,0.00588,0.00000,0.99412
74.40125,1.99750,0.00588,0.00000,0.99412
74.50125,1.99750,0.00589,0.00000,0.99411
74.60125,1.99750,0.00591,0.00000,0.99409
74.70125,1.99751,0.00600,0.00000,0.99400
74.80125,1.99751,0.00615,0.00000,0.99385
74.90125,1.99750,0.00631,0.00000,0.99369
75.00125,1.99750,0.00645,0.00000,0.99355
75.10125,1.99750,0.00658,0.00000,0.99342
75.20125,1.99751,0.00669,0.00000,0.99331
75.30125,1.99751,0.00682,0.00000,0.99318
75.40125,1.99750,0.00696,0.00000,0.99304
75.50125,1.99750,0.00714,0.00000,0.99286
75.60125,1.99750,0.00741,0.00000,0.99259
75.70125,1.99751,0.00777,0.00000,0.99223
75.80125,1.99751,0.00827,0.00000,0.99173
75.90125,1.99750,0.00888,0.00000,0.99112
76.00125,1.99750,0.00949,0.00000,0.99051
76.10125,1.99750,0.00997,0.00000,0.99003
76.20125,1.99751,0.01065,0.00000,0.98935
76.30125,1.99751,0.01152,0.00000,0.98848
76.40125,1.99750,0.01250,0.00000,0.98750
76.50125,1.99750,0.01360,0.00000,0.98640
76.60125,1.99750,0.01616,0.00000,0.98384
76.70125,1.99751,0.02011,0.00000,0.97989
76.80125,1.99751,0.02559,0.00000,0.97441
76.90125,1.99750,0.03404,0.00000,0.96596
77.00125,1.99750,0.04717,0.00000,0.95283
77.10125,1.99750,0.06643,0.00000,0.93357
77.20125,1.99751,0.08870,0.00000,0.91130
77.30125,1.99751,0.11308,0.00001,0.88691
77.40125,1.99750,0.14102,0.00002,0.85896
77.50125,1.99750,0.17358,0.00006,0.82636
77.60125,1.99750,0.21556,0.00014,0.78430
77.70125,1.99751,0.27098,0.00031,0.72871
77.80125,1.99751,0.33546,0.00066,0.66388
77.90125,1.99750,0.40405,0.00134,0.59460
78.00125,1.99750,0.48476,0.00243,0.51280
78.10125,1.99750,0.57066,0.00398,0.42537
78.20125,1.99751,0.64291,0.00561,0.35148
78.30125,1.99751,0.70333,0.00717,0.28949
78.40125,1.99750,0.75720,0.00989,0.23291
78.50125,1.99750,0.80070,0.01208,0.18722
78.60125,1.99750,0.82911,0.01324,0.15765
78.70125,1.99751,0.83610,0.01445,0.14945
78.80125,1.99751,0.83588,0.01461,0.14950
78.90125,1.99750,0.83028,0.01558,0.15414
79.00125,1.99750,0.81606,0.01825,0.16569
79.10125,1.99750,0.80344,0.02213,0.17442
79.20125,1.99751,0.79530,0.02380,0.18090
79.30125,1.99751,0.78895,0.02492,0.18613
79.40125,1.99750,0.78791,0.02483,0.18726
79.50125,1.99750,0.78971,0.02502,0.18527
79.60125,1.99750,0.78545,0.02599,0.18856
79.70125,1.99751,0.77345,0.02843,0.19812
79.80125,1.99751,0.76283,0.03010,0.20707
79.90125,1.99750,0.75293,0.03131,0.21576
80.00125,1.99750,0.73330,0.03582,0.23088
80.10125,1.99750,0.71072,0.04665,0.24263
80.20125,1.99751,0.68371,0.06740,0.24888
80.30125,1.99751,0.64780,0.10461,0.24759
80.40125,1.99750,0.59617,0.16248,0.24136
80.50125,1.99750,0.51862,0.25889,0.22250
80.60125,1.99750,0.47851,0.29246,0.22903
80.70125,1.99751,0.46939,0.29937,0.23124
80.80125,1.99751,0.46333,0.30802,0.22865
80.90125,1.99750,0.46533,0.30758,0.22709
81.00125,1.99750,0.46464,0.30818,0.22718
81.10125,1.99750,0.46353,0.30962,0.22685
81.20125,1.99751,0.46413,0.31012,0.22576
81.30125,1.99751,0.46474,0.31059,0.22466
81.40125,1.99750,0.46267,0.31030,0.22704
81.50125,1.99750,0.45813,0.31142,0.23045
81.60125,1.99750,0.45068,0.31311,0.23620
81.70125,1.99751,0.43712,0.32161,0.24127
81.80125,1.99751,0.41698,0.33850,0.24453
81.90125,1.99750,0.39481,0.36235,0.24285
82.00125,1.99750,0.37660,0.38661,0.23679
82.10125,1.99750,0.36429,0.40279,0.23292
82.20125,1.99751,0.35407,0.41478,0.23115
82.30125,1.99751,0.34956,0.41865,0.23179
82.40125,1.99750,0.34992,0.41668,0.23340
82.50125,1.99750,0.35169,0.41355,0.23476
82.60125,1.99750,0.35505,0.40996,0.23499
82.70125,1.99751,0.36361,0.40320,0.23319
82.80125,1.99751,0.36671,0.39718,0.23611
82.90125,1.99750,0.36539,0.39843,0.23619
83.00125,1.99750,0.36355,0.39968,0.23678
83.10125,1.99750,0.36818,0.39458,0.23724
83.20125,1.99751,0.37941,0.38835,0.23224
83.30125,1.99751,0.38649,0.38758,0.22593
83.40125,1.99750,0.38947,0.39082,0.21971
83.50125,1.99750,0.39321,0.39129,0.21550
83.60125,1.99750,0.39604,0.39314,0.21082
83.70125,1.99751,0.40245,0.39107,0.20648
83.80125,1.99751,0.41083,0.38561,0.20355
83.90125,1.99750,0.41248,0.38444,0.20308
84.00125,1.99750,0.40768,0.38998,0.20233
84.10125,1.99750,0.39894,0.40020,0.20086
84.20125,1.99751,0.39015,0.41075,0.19910
84.30125,1.99751,0.37894,0.42466,0.19640
84.40125,1.99750,0.36843,0.43902,0.19255
84.50125,1.99750,0.35876,0.45237,0.18887
84.60125,1.99750,0.34877,0.46601,0.18522
84.70125,1.99751,0.33888,0.47959,0.18153
84.80125,1.99751,0.32941,0.49302,0.17757
84.90125,1.99750,0.32229,0.50279,0.17492
85.00125,1.99750,0.31580,0.51204,0.17217
85.10125,1.99750,0.31030,0.51998,0.16971
85.20125,1.99751,0.30457,0.52803,0.16740
85.30125,1.99751,0.29971,0.53496,0.16533
85.40125,1.99750,0.29622,0.54011,0.16366
85.50125,1.99750,0.29387,0.54355,0.16258
85.60125,1.99750,0.29271,0.54512,0.16216
85.70125,1.99751,0.29177,0.54649,0.16174
85.80125,1.99751,0.29191,0.54666,0.16143
85.90125,1.99750,0.29299,0.54543,0.16158
86.00125,1.99750,0.29422,0.54417,0.16160
86.10125,1.99750,0.29658,0.54188,0.16154
86.20125,1.99751,0.29796,0.54100,0.16103
86.30125,1.99751,0.29903,0.54034,0.16062
86.40125,1.99750,0.29981,0.53977,0.16042
86.50125,1.99750,0.30016,0.53994,0.15990
86.60125,1.99750,0.29981,0.54086,0.15933
86.70125,1.99751,0.29847,0.54267,0.15886
86.80125,1.99751,0.29504,0.54675,0.15821
86.90125,1.99750,0.29090,0.55163,0.15747
87.00125,1.99750,0.28656,0.55700,0.15643
87.10125,1.99750,0.28287,0.56142,0.15571
87.20125,1.99751,0.27907,0.56574,0.15520
87.30125,1.99751,0.27574,0.56935,0.15492
87.40125,1.99750,0.27246,0.57287,0.15467
87.50125,1.99750,0.27031,0.57546,0.15423
87.60125,1.99750,0.26761,0.57850,0.15390
87.70125,1.99751,0.26558,0.58069,0.15373
87.80125,1.99751,0.26469,0.58171,0.15361
87.90125,1.99750,0.26432,0.58220,0.15348
88.00125,1.99750,0.26406,0.58269,0.15325
88.10125,1.99750,0.26445,0.58234,0.15321
88.20125,1.99751,0.26572,0.58037,0.15391
88.30125,1.99751,0.26578,0.57993,0.15429
88.40125,1.99750,0.26473,0.58095,0.15432
88.50125,1.99750,0.26568,0.57983,0.15449
88.60125,1.99750,0.26696,0.57842,0.15462
88.70125,1.99751,0.26740,0.57801,0.15459
88.80125,1.99751,0.26858,0.57743,0.15398
88.90125,1.99750,0.26966,0.57571,0.15463
89.00125,1.99750,0.26881,0.57629,0.15490
89.10125,1.99750,0.26912,0.57562,0.15526
89.20125,1.99751,0.27016,0.57450,0.15533
89.30125,1.99751,0.27054,0.57415,0.15532
89.40125,1.99750,0.26980,0.57518,0.15502
89.50125,1.99750,0.26781,0.57839,0.15380
89.60125,1.99750,0.26547,0.58108,0.15345
89.70125,1.99751,0.26157,0.58552,0.15291
89.80125,1.99751,0.26001,0.58745,0.15254
89.90125,1.99750,0.25819,0.58967,0.15215
90.00125,1.99750,0.25602,0.59234,0.15164
90.10125,1.99750,0.25450,0.59427,0.15123
90.20125,1.99751,0.25382,0.59659,0.14959
90.30125,1.99751,0.25396,0.59657,0.14947
90.40125,1.99750,0.25224,0.59874,0.14902
90.50125,1.99750,0.25255,0.59835,0.14910
90.60125,1.99750,0.25321,0.59786,0.14893
90.70125,1.99751,0.25375,0.59783,0.14842
90.80125,1.99751,0.25406,0.59802,0.14792
90.90125,1.99750,0.25419,0.59942,0.14639
91.00125,1.99750,0.25390,0.60092,0.14518
91.10125,1.99750,0.25112,0.60426,0.14462
91.20125,1.99751,0.24908,0.60672,0.14420
91.30125,1.99751,0.24910,0.60685,0.14405
91.40125,1.99750,0.24918,0.60709,0.14373
91.50125,1.99750,0.24834,0.60902,0.14263
91.60125,1.99750,0.24751,0.61068,0.14182
91.70125,1.99751,0.24597,0.61293,0.14110
91.80125,1.99751,0.24320,0.61609,0.14071
91.90125,1.99750,0.24066,0.61861,0.14073
92.00125,1.99750,0.23867,0.62072,0.14061
92.10125,1.99750,0.23832,0.62105,0.14063
92.20125,1.99751,0.23685,0.62282,0.14033
92.30125,1.99751,0.23467,0.62599,0.13934
92.40125,1.99750,0.23168,0.62998,0.13835
92.50125,1.99750,0.22775,0.63524,0.13701
92.60125,1.99750,0.22534,0.63742,0.13725
92.70125,1.99751,0.22252,0.64027,0.13721
92.80125,1.99751,0.22124,0.64130,0.13746
92.90125,1.99750,0.22141,0.64110,0.13748
93.00125,1.99750,0.22148,0.64127,0.13725
93.10125,1.99750,0.22106,0.64256,0.13637
93.20125,1.99751,0.22020,0.64408,0.13571
93.30125,1.99751,0.21843,0.64654,0.13503
93.40125,1.99750,0.21930,0.64492,0.13578
93.50125,1.99750,0.22040,0.64301,0.13659
93.60125,1.99750,0.22198,0.64080,0.13721
93.70125,1.99751,0.22435,0.63803,0.13762
93.80125,1.99751,0.22498,0.63793,0.13708
93.90125,1.99750,0.22583,0.63729,0.13688
94.00125,1.99750,0.22566,0.63783,0.13651
94.10125,1.99750,0.22613,0.63674,0.13713
94.20125,1.99751,0.22701,0.63538,0.13761
94.30125,1.99751,0.22806,0.63403,0.13792
94.40125,1.99750,0.22991,0.63216,0.13794
94.50125,1.99750,0.22932,0.63304,0.13764
94.60125,1.99750,0.22792,0.63535,0.13673
94.70125,1.99751,0.22573,0.63834,0.13593
94.80125,1.99751,0.22197,0.64315,0.13488
94.90125,1.99750,0.21982,0.64488,0.13530
95.00125,1.99750,0.21870,0.64545,0.13585
95.10125,1.99750,0.21941,0.64406,0.13653
95.20125,1.99751,0.21936,0.64376,0.13688
95.30125,1.99751,0.21817,0.64486,0.13697
95.40125,1.99750,0.21558,0.64860,0.13582
95.50125,1.99750,0.21346,0.65147,0.13506
95.60125,1.99750,0.21133,0.65342,0.13526
95.70125,1.99751,0.21043,0.65376,0.13581
95.80125,1.99751,0.21124,0.65275,0.13601
95.90125,1.99750,0.21210,0.65156,0.13634
96.00125,1.99750,0.21120,0.65241,0.13639
96.10125,1.99750,0.20956,0.65508,0.13536
96.20125,1.99751,0.20986,0.65446,0.13568
96.30125,1.99751,0.20858,0.65567,0.13575
96.40125,1.99750,0.20820,0.65551,0.13629
96.50125,1.99750,0.21040,0.65281,0.13679
96.60125,1.99750,0.21224,0.65057,0.13719
96.70125,1.99751,0.21326,0.64935,0.13739
96.80125,1.99751,0.21316,0.65041,0.13643
96.90125,1.99750,0.21488,0.64880,0.13633
97.00125,1.99750,0.21552,0.64845,0.13602
97.10125,1.99750,0.21644,0.64774,0.13583
97.20125,1.99751,0.21889,0.64554,0.13557
97.30125,1.99751,0.22134,0.64332,0.13534
97.40125,1.99750,0.22286,0.64213,0.13501
97.50125,1.99750,0.22278,0.64366,0.13356
97.60125,1.99750,0.22280,0.64417,0.13303
97.70125,1.99751,0.22135,0.64636,0.13228
97.80125,1.99751,0.21977,0.64836,0.13187
97.90125,1.99750,0.21808,0.65085,0.13107
98.00125,1.99750,0.21562,0.65415,0.13023
98.10125,1.99750,0.21288,0.65747,0.12964
98.20125,1.99751,0.20915,0.66282,0.12803
98.30125,1.99751,0.20640,0.66614,0.12745
98.40125,1.99750,0.20288,0.67015,0.12697
98.50125,1.99750,0.20059,0.67267,0.12674
98.60125,1.99750,0.19945,0.67402,0.12653
98.70125,1.99751,0.19801,0.67574,0.12626
98.80125,1.99751,0.19609,0.67790,0.12601
98.90125,1.99750,0.19316,0.68183,0.12501
99.00125,1.99750,0.19118,0.68416,0.12465
99.10125,1.99750,0.18828,0.68714,0.12458
99.20125,1.99751,0.18669,0.68848,0.12483
99.30125,1.99751,0.18678,0.68797,0.12526
99.40125,1.99750,0.18663,0.68790,0.12547
99.50125,1.99750,0.18700,0.68731,0.12570
99.60125,1.99750,0.18676,0.68817,0.12507
99.70125,1.99751,0.18657,0.68878,0.12466
99.80125,1.99751,0.18580,0.68939,0.12482
99.90125,1.99750,0.18598,0.68880,0.12522
100.00125,1.99750,0.18843,0.68554,0.12604
100.10125,1.99750,0.19015,0.68343,0.12643
100.20125,1.99751,0.19099,0.68249,0.12651
100.30125,1.99751,0.19104,0.68324,0.12572
100.40125,1.99750,0.19055,0.68425,0.12519
100.50125,1.99750,0.18962,0.68503,0.12535
100.60125,1.99750,0.18884,0.68586,0.12529
100.70125,1.99751,0.18958,0.68494,0.12548
100.80125,1.99751,0.18986,0.68468,0.12547
100.90125,1.99750,0.18910,0.68553,0.12537
101.00125,1.99750,0.18634,0.68930,0.12436
101.10125,1.99750,0.18497,0.69133,0.12370
101.20125,1.99751,0.18402,0.69187,0.12412
101.30125,1.99751,0.18279,0.69257,0.12464
101.40125,1.99750,0.18272,0.69200,0.12527
101.50125,1.99750,0.18222,0.69220,0.12558
101.60125,1.99750,0.18141,0.69288,0.12571
101.70125,1.99751,0.18097,0.69302,0.12601
101.80125,1.99751,0.18127,0.69209,0.12665
101.90125,1.99750,0.18059,0.69252,0.12689
102.00125,1.99750,0.17917,0.69392,0.12690
102.10125,1.99750,0.17937,0.69334,0.12729
102.20125,1.99751,0.17987,0.69228,0.12785
102.30125,1.99751,0.18026,0.69145,0.12830
102.40125,1.99750,0.18064,0.69078,0.12858
102.50125,1.99750,0.18199,0.68842,0.12959
102.60125,1.99750,0.18292,0.68678,0.13030
102.70125,1.99751,0.18341,0.68585,0.13074
102.80125,1.99751,0.18469,0.68391,0.13140
102.90125,1.99750,0.18611,0.68198,0.13191
103.00125,1.99750,0.18699,0.68070,0.13231
103.10125,1.99750,0.18709,0.68054,0.13237
103.20125,1.99751,0.18694,0.68102,0.13203
103.30125,1.99751,0.18687,0.68141,0.13172
103.40125,1.99750,0.18599,0.68245,0.13156
103.50125,1.99750,0.18535,0.68299,0.13165
103.60125,1.99750,0.18479,0.68354,0.13168
103.70125,1.99751,0.18502,0.68233,0.13265
103.80125,1.99751,0.18366,0.68390,0.13244
103.90125,1.99750,0.18303,0.68476,0.13221
104.00125,1.99750,0.18178,0.68652,0.13170
104.10125,1.99750,0.18078,0.68769,0.13154
104.20125,1.99751,0.18002,0.68876,0.13123
104.30125,1.99751,0.17982,0.68839,0.13178
104.40125,1.99750,0.17907,0.68970,0.13123
104.50125,1.99750,0.17846,0.69079,0.13075
104.60125,1.99750,0.17826,0.69133,0.13041
104.70125,1.99751,0.17746,0.69230,0.13025
104.80125,1.99751,0.17674,0.69310,0.13016
104.90125,1.99750,0.17601,0.69387,0.13012
105.00125,1.99750,0.17574,0.69351,0.13075
105.10125,1.99750,0.17449,0.69515,0.13036
105.20125,1.99751,0.17424,0.69557,0.13019
105.30125,1.99751,0.17311,0.69711,0.12978
105.40125,1.99750,0.17241,0.69825,0.12934
105.50125,1.99750,0.17241,0.69841,0.12918
105.60125,1.99750,0.17348,0.69601,0.13051
105.70125,1.99751,0.17382,0.69604,0.13014
105.80125,1.99751,0.17486,0.69490,0.13024
105.90125,1.99750,0.17557,0.69377,0.13066
106.00125,1.99750,0.17611,0.69298,0.13091
106.10125,1.99750,0.17694,0.69181,0.13125
106.20125,1.99751,0.17889,0.68835,0.13276
106.30125,1.99751,0.17920,0.68818,0.13262
106.40125,1.99750,0.18043,0.68652,0.13305
106.50125,1.99750,0.18051,0.68620,0.13329
106.60125,1.99750,0.18017,0.68671,0.13313
106.70125,1.99751,0.17993,0.68719,0.13288
106.80125,1.99751,0.18003,0.68676,0.13320
106.90125,1.99750,0.17924,0.68776,0.13299
107.00125,1.99750,0.17860,0.68911,0.13229
107.10125,1.99750,0.17779,0.69062,0.13160
107.20125,1.99751,0.17625,0.69285,0.13090
107.30125,1.99751,0.17496,0.69459,0.13045
107.40125,1.99750,0.17377,0.69611,0.13012
107.50125,1.99750,0.17324,0.69645,0.13031
107.60125,1.99750,0.17213,0.69826,0.12961
107.70125,1.99751,0.17135,0.69948,0.12917
107.80125,1.99751,0.16963,0.70202,0.12835
107.90125,1.99750,0.16765,0.70484,0.12751
108.00125,1.99750,0.16557,0.70772,0.12671
108.10125,1.99750,0.16415,0.70941,0.12645
108.20125,1.99751,0.16114,0.71390,0.12495
108.30125,1.99751,0.15947,0.71653,0.12400
108.40125,1.99750,0.15732,0.71985,0.12283
108.50125,1.99750,0.15607,0.72179,0.12214
108.60125,1.99750,0.15568,0.72248,0.12185
108.70125,1.99751,0.15599,0.72177,0.12223
108.80125,1.99751,0.15544,0.72282,0.12173
108.90125,1.99750,0.15550,0.72295,0.12155
109.00125,1.99750,0.15540,0.72307,0.12152
109.10125,1.99750,0.15554,0.72304,0.12143
109.20125,1.99751,0.15586,0.72280,0.12134
109.30125,1.99751,0.15716,0.72061,0.12223
109.40125,1.99750,0.15742,0.71988,0.12270
109.50125,1.99750,0.15842,0.71903,0.12255
109.60125,1.99750,0.15944,0.71808,0.12248
109.70125,1.99751,0.15963,0.71800,0.12237
109.80125,1.99751,0.15990,0.71790,0.12219
109.90125,1.99750,0.16011,0.71781,0.12207
110.00125,1.99750,0.16090,0.71622,0.12287
110.10125,1.99750,0.16184,0.71505,0.12311
110.20125,1.99751,0.16263,0.71416,0.12321
110.30125,1.99751,0.16260,0.71441,0.12299
110.40125,1.99750,0.16260,0.71459,0.12280
110.50125,1.99750,0.16240,0.71506,0.12254
110.60125,1.99750,0.16209,0.71562,0.12228
110.70125,1.99751,0.16131,0.71769,0.12100
110.80125,1.99751,0.16136,0.71826,0.12038
110.90125,1.99750,0.16023,0.72045,0.11932
111.00125,1.99750,0.15874,0.72333,0.11792
111.10125,1.99750,0.15747,0.72576,0.11677
111.20125,1.99751,0.15669,0.72677,0.11654
111.30125,1.99751,0.15428,0.73096,0.11476
111.40125,1.99750,0.15237,0.73450,0.11313
111.50125,1.99750,0.14976,0.73904,0.11120
111.60125,1.99750,0.14714,0.74373,0.10913
111.70125,1.99751,0.14511,0.74754,0.10735
111.80125,1.99751,0.14427,0.74878,0.10695
111.90125,1.99750,0.14272,0.75100,0.10628
112.00125,1.99750,0.14182,0.75313,0.10505
112.10125,1.99750,0.14061,0.75567,0.10371
112.20125,1.99751,0.13879,0.75889,0.10232
112.30125,1.99751,0.13698,0.76213,0.10089
112.40125,1.99750,0.13602,0.76376,0.10022
112.50125,1.99750,0.13526,0.76498,0.09976
112.60125,1.99750,0.13493,0.76568,0.09939
112.70125,1.99751,0.13436,0.76696,0.09868
112.80125,1.99751,0.13281,0.76961,0.09758
112.90125,1.99750,0.13124,0.77196,0.09680
113.00125,1.99750,0.12948,0.77398,0.09653
113.10125,1.99750,0.12905,0.77346,0.09748
113.20125,1.99751,0.12815,0.77334,0.09851
113.30125,1.99751,0.12735,0.77274,0.09991
113.40125,1.99750,0.12764,0.76928,0.10309
113.50125,1.99750,0.12996,0.76217,0.10787
113.60125,1.99750,0.13320,0.75336,0.11344
113.70125,1.99751,0.13598,0.74629,0.11774
113.80125,1.99751,0.13797,0.74083,0.12119
113.90125,1.99750,0.13829,0.73782,0.12390
114.00125,1.99750,0.13778,0.73563,0.12659
114.10125,1.99750,0.13744,0.73344,0.12912
114.20125,1.99751,0.13657,0.73269,0.13074
114.30125,1.99751,0.13655,0.73050,0.13294
114.40125,1.99750,0.13548,0.73116,0.13337
114.50125,1.99750,0.13485,0.73196,0.13319
114.60125,1.99750,0.13388,0.73330,0.13282
114.70125,1.99751,0.13393,0.73316,0.13290
114.80125,1.99751,0.13497,0.73179,0.13324
114.90125,1.99750,0.13801,0.72652,0.13547
115.00125,1.99750,0.14172,0.72038,0.13790
115.10125,1.99750,0.14545,0.71670,0.13784
115.20125,1.99751,0.14939,0.71310,0.13751
115.30125,1.99751,0.15328,0.71030,0.13642
115.40125,1.99750,0.15494,0.71223,0.13282
115.50125,1.99750,0.15546,0.71573,0.12880
115.60125,1.99750,0.15622,0.71775,0.12603
115.70125,1.99751,0.15639,0.72020,0.12341
115.80125,1.99751,0.15726,0.72178,0.12096
115.90125,1.99750,0.15974,0.72106,0.11920
116.00125,1.99750,0.16185,0.72114,0.11701
116.10125,1.99750,0.16455,0.71985,0.11560
116.20125,1.99751,0.16902,0.71483,0.11615
116.30125,1.99751,0.17156,0.71270,0.11574
116.40125,1.99750,0.17509,0.70831,0.11660
116.50125,1.99750,0.17769,0.70451,0.11780
116.60125,1.99750,0.17945,0.70177,0.11878
116.70125,1.99751,0.18072,0.69949,0.11979
116.80125,1.99751,0.18251,0.69575,0.12174
116.90125,1.99750,0.18069,0.69801,0.12130
117.00125,1.99750,0.18003,0.69832,0.12165
117.10125,1.99750,0.17828,0.70041,0.12131
117.20125,1.99751,0.17558,0.70405,0.12037
117.30125,1.99751,0.17310,0.70744,0.11946
117.40125,1.99750,0.17174,0.70903,0.11923
117.50125,1.99750,0.16967,0.71193,0.11839
117.60125,1.99750,0.16859,0.71341,0.11799
117.70125,1.99751,0.16707,0.71548,0.11745
117.80125,1.99751,0.16512,0.71809,0.11679
117.90125,1.99750,0.16421,0.71877,0.11702
118.00125,1.99750,0.16317,0.71962,0.11721
118.10125,1.99750,0.16240,0.72033,0.11727
118.20125,1.99751,0.16058,0.72303,0.11639
118.30125,1.99751,0.15905,0.72523,0.11572
118.40125,1.99750,0.15699,0.72796,0.11504
118.50125,1.99750,0.15624,0.72853,0.11523
118.60125,1.99750,0.15577,0.72848,0.11575
118.70125,1.99751,0.15532,0.72855,0.11613
118.80125,1.99751,0.15317,0.73178,0.11505
118.90125,1.99750,0.15090,0.73478,0.11432
119.00125,1.99750,0.14788,0.73882,0.11329
119.10125,1.99750,0.14610,0.74016,0.11374
119.20125,1.99751,0.14411,0.74203,0.11386
119.30125,1.99751,0.14146,0.74541,0.11313
119.40125,1.99750,0.13815,0.74944,0.11240
119.50125,1.99750,0.13468,0.75399,0.11133
119.60125,1.99750,0.13135,0.75818,0.11047
119.70125,1.99751,0.12907,0.76045,0.11049
119.80125,1.99751,0.12673,0.76272,0.11055
119.90125,1.99750,0.12348,0.76709,0.10943
120.00125,1.99750,0.12134,0.76957,0.10909
120.10125,1.99750,0.11921,0.77179,0.10899
120.20125,1.99751,0.11734,0.77348,0.10918
120.30125,1.99751,0.11726,0.77180,0.11094
120.40125,1.99750,0.11749,0.76935,0.11317
120.50125,1.99750,0.11660,0.76929,0.11410
120.60125,1.99750,0.11710,0.76597,0.11692
120.70125,1.99751,0.11892,0.75955,0.12153
120.80125,1.99751,0.12174,0.75145,0.12681
120.90125,1.99750,0.12570,0.74175,0.13254
121.00125,1.99750,0.13030,0.73099,0.13871
121.10125,1.99750,0.13392,0.72205,0.14403
121.20125,1.99751,0.13795,0.71198,0.15007
121.30125,1.99751,0.14168,0.70227,0.15605
121.40125,1.99750,0.14485,0.69366,0.16150
121.50125,1.99750,0.14811,0.68510,0.16679
121.60125,1.99750,0.14989,0.67931,0.17080
121.70125,1.99751,0.14846,0.68256,0.16899
121.80125,1.99751,0.14764,0.68591,0.16646
121.90125,1.99750,0.14862,0.68635,0.16503
122.00125,1.99750,0.15037,0.68640,0.16323
122.10125,1.99750,0.15418,0.68216,0.16366
122.20125,1.99751,0.15847,0.67686,0.16467
122.30125,1.99751,0.16129,0.67497,0.16374
122.40125,1.99750,0.16495,0.67179,0.16326
122.50125,1.99750,0.16894,0.66853,0.16253
122.60125,1.99750,0.17177,0.66857,0.15966
122.70125,1.99751,0.17461,0.66764,0.15775
122.80125,1.99751,0.17548,0.66946,0.15506
122.90125,1.99750,0.17678,0.67020,0.15302
123.00125,1.99750,0.17771,0.67215,0.15014
123.10125,1.99750,0.17779,0.67604,0.14617
123.20125,1.99751,0.17718,0.68086,0.14196
123.30125,1.99751,0.17747,0.68376,0.13877
123.40125,1.99750,0.17850,0.68598,0.13553
123.50125,1.99750,0.17896,0.68805,0.13299
123.60125,1.99750,0.18121,0.68693,0.13185
123.70125,1.99751,0.18399,0.68284,0.13317
123.80125,1.99751,0.18612,0.67909,0.13479
123.90125,1.99750,0.18697,0.67677,0.13626
124.00125,1.99750,0.18607,0.67733,0.13661
124.10125,1.99750,0.18420,0.67947,0.13633
124.20125,1.99751,0.18128,0.68326,0.13546
124.30125,1.99751,0.17767,0.68836,0.13397
124.40125,1.99750,0.17333,0.69453,0.13214
124.50125,1.99750,0.16834,0.70164,0.13002
124.60125,1.99750,0.16267,0.71006,0.12726
124.70125,1.99751,0.15649,0.71997,0.12353
124.80125,1.99751,0.15140,0.72813,0.12047
124.90125,1.99750,0.14533,0.73726,0.11741
125.00125,1.99750,0.14077,0.74399,0.11525
125.10125,1.99750,0.13744,0.74932,0.11324
125.20125,1.99751,0.13471,0.75356,0.11173
125.30125,1.99751,0.13164,0.75874,0.10963
125.40125,1.99750,0.12929,0.76267,0.10804
125.50125,1.99750,0.12709,0.76654,0.10637
125.60125,1.99750,0.12552,0.76894,0.10554
125.70125,1.99751,0.12450,0.77065,0.10484
125.80125,1.99751,0.12421,0.77132,0.10447
125.90125,1.99750,0.12376,0.77268,0.10356
126.00125,1.99750,0.12257,0.77563,0.10181
126.10125,1.99751,0.12157,0.77831,0.10012
126.20125,1.99750,0.12034,0.78130,0.09836
126.30125,1.99751,0.11979,0.78283,0.09738
126.40125,1.99749,0.11920,0.78449,0.09631
126.50125,1.99750,0.11905,0.78540,0.09555
126.60125,1.99751,0.11878,0.78698,0.09424
126.70125,1.99750,0.11835,0.78875,0.09290
126.80125,1.99751,0.11736,0.79173,0.09091
126.90125,1.99749,0.11647,0.79447,0.08906
127.00125,1.99750,0.11580,0.79686,0.08734
127.10125,1.99751,0.11562,0.79747,0.08691
127.20125,1.99750,0.11530,0.79836,0.08635
127.30125,1.99751,0.11540,0.79869,0.08591
127.40125,1.99749,0.11504,0.79958,0.08538
127.50125,1.99750,0.11408,0.80164,0.08428
127.60125,1.99751,0.11342,0.80343,0.08315
127.70125,1.99750,0.11306,0.80407,0.08287
127.80125,1.99751,0.11204,0.80558,0.08238
127.90125,1.99749,0.11145,0.80660,0.08195
128.00125,1.99750,0.11089,0.80743,0.08168
128.10126,1.99750,0.11032,0.80833,0.08135
128.20125,1.99750,0.10961,0.80936,0.08103
128.30125,1.99750,0.10847,0.81139,0.08014
128.40125,1.99750,0.10907,0.80996,0.08096
128.50125,1.99750,0.10891,0.80984,0.08125
128.60126,1.99750,0.10939,0.80860,0.08201
128.70125,1.99750,0.10953,0.80792,0.08255
128.80125,1.99750,0.10950,0.80745,0.08305
128.90125,1.99750,0.10965,0.80652,0.08384
129.00125,1.99750,0.10929,0.80664,0.08408
129.10126,1.99750,0.10892,0.80675,0.08433
129.20125,1.99750,0.10883,0.80653,0.08464
129.30125,1.99750,0.10849,0.80640,0.08511
129.40125,1.99750,0.10852,0.80551,0.08597
129.50125,1.99750,0.10877,0.80413,0.08709
129.60126,1.99750,0.10903,0.80221,0.08875
129.70125,1.99750,0.10908,0.80112,0.08981
129.80125,1.99750,0.10955,0.79959,0.09086
129.90125,1.99750,0.10939,0.79901,0.09159
130.00125,1.99750,0.10984,0.79735,0.09281
130.10126,1.99750,0.11043,0.79557,0.09400
130.20125,1.99750,0.11141,0.79280,0.09579
130.30125,1.99750,0.11109,0.79238,0.09653
130.40125,1.99750,0.11107,0.79197,0.09697
130.50125,1.99750,0.11129,0.79134,0.09737
130.60126,1.99750,0.11118,0.79100,0.09781
130.70125,1.99750,0.11141,0.79028,0.09831
130.80125,1.99750,0.11195,0.78879,0.09926
130.90125,1.99750,0.11246,0.78750,0.10004
131.00125,1.99750,0.11254,0.78725,0.10021
131.10126,1.99750,0.11278,0.78692,0.10030
131.20125,1.99750,0.11241,0.78742,0.10017
131.30125,1.99750,0.11195,0.78838,0.09967
131.40125,1.99750,0.11147,0.78961,0.09892
131.50125,1.99750,0.11118,0.79029,0.09853
131.60126,1.99750,0.11048,0.79261,0.09690
131.70125,1.99750,0.10993,0.79481,0.09526
131.80125,1.99750,0.10898,0.79724,0.09378
131.90125,1.99750,0.10787,0.79998,0.09215
132.00125,1.99750,0.10658,0.80309,0.09033
132.10126,1.99750,0.10571,0.80538,0.08892
132.20125,1.99750,0.10501,0.80705,0.08795
132.30125,1.99750,0.10439,0.80880,0.08680
132.40125,1.99750,0.10313,0.81161,0.08526
132.50125,1.99750,0.10213,0.81387,0.08400
132.60126,1.99750,0.10122,0.81596,0.08282
132.70125,1.99750,0.10030,0.81808,0.08161
132.80125,1.99750,0.09876,0.82160,0.07963
132.90125,1.99750,0.09806,0.82342,0.07852
133.00125,1.99750,0.09674,0.82618,0.07708
133.10126,1.99750,0.09639,0.82740,0.07621
133.20125,1.99750,0.09611,0.82846,0.07543
133.30125,1.99750,0.09568,0.82976,0.07456
133.40125,1.99750,0.09518,0.83123,0.07359
133.50125,1.99750,0.09449,0.83294,0.07257
133.60126,1.99750,0.09461,0.83317,0.07222
133.70125,1.99750,0.09425,0.83377,0.07198
133.80125,1.99750,0.09451,0.83346,0.07203
133.90125,1.99750,0.09464,0.83345,0.07191
134.00125,1.99750,0.09462,0.83345,0.07193
134.10126,1.99750,0.09403,0.83468,0.07128
134.20125,1.99750,0.09334,0.83593,0.07073
134.30125,1.99750,0.09252,0.83722,0.07026
134.40125,1.99750,0.09217,0.83740,0.07043
134.50125,1.99750,0.09210,0.83711,0.07079
134.60126,1.99750,0.09255,0.83619,0.07126
134.70125,1.99750,0.09296,0.83515,0.07188
134.80125,1.99750,0.09353,0.83372,0.07275
134.90125,1.99750,0.09360,0.83326,0.07314
135.00125,1.99750,0.09372,0.83263,0.07365
135.10126,1.99750,0.09421,0.83126,0.07453
135.20125,1.99750,0.09512,0.82896,0.07592
135.30125,1.99750,0.09655,0.82585,0.07760
135.40125,1.99750,0.09761,0.82345,0.07894
135.50125,1.99750,0.09863,0.82105,0.08032
135.60126,1.99750,0.09892,0.82012,0.08096
135.70125,1.99750,0.09943,0.81874,0.08183
135.80125,1.99750,0.09954,0.81770,0.08276
135.90125,1.99750,0.10068,0.81482,0.08449
136.00125,1.99750,0.10197,0.81190,0.08613
136.10126,1.99750,0.10354,0.80877,0.08769
136.20125,1.99750,0.10463,0.80649,0.08888
136.30125,1.99750,0.10533,0.80504,0.08962
136.40125,1.99750,0.10625,0.80336,0.09039
136.50125,1.99750,0.10771,0.80037,0.09192
136.60126,1.99750,0.10824,0.79858,0.09318
136.70125,1.99750,0.10890,0.79690,0.09420
136.80125,1.99750,0.10913,0.79630,0.09457
136.90125,1.99750,0.10913,0.79629,0.09458
137.00125,1.99750,0.10888,0.79674,0.09438
137.10126,1.99750,0.10746,0.79950,0.09304
137.20125,1.99750,0.10715,0.79993,0.09291
137.30125,1.99750,0.10627,0.80122,0.09250
137.40125,1.99750,0.10600,0.80174,0.09226
137.50125,1.99750,0.10553,0.80264,0.09183
137.60126,1.99750,0.10493,0.80387,0.09121
137.70125,1.99750,0.10413,0.80539,0.09048
137.80125,1.99750,0.10280,0.80775,0.08946
137.90125,1.99750,0.10175,0.80979,0.08846
138.00125,1.99750,0.10071,0.81214,0.08715
138.10126,1.99750,0.09977,0.81434,0.08590
138.20125,1.99750,0.09886,0.81655,0.08459
138.30125,1.99750,0.09802,0.81873,0.08325
138.40125,1.99750,0.09776,0.81979,0.08245
138.50125,1.99750,0.09664,0.82278,0.08058
138.60126,1.99750,0.09592,0.82507,0.07901
138.70125,1.99750,0.09495,0.82766,0.07740
138.80125,1.99750,0.09432,0.82968,0.07600
138.90125,1.99750,0.09383,0.83134,0.07483
139.00125,1.99750,0.09422,0.83121,0.07457
139.10126,1.99750,0.09344,0.83308,0.07348
139.20125,1.99750,0.09305,0.83451,0.07244
139.30125,1.99750,0.09234,0.83644,0.07122
139.40125,1.99750,0.09143,0.83845,0.07011
139.50125,1.99750,0.09066,0.84013,0.06920
139.60126,1.99750,0.09046,0.84050,0.06904
139.70125,1.99750,0.08983,0.84155,0.06862
139.80125,1.99750,0.08941,0.84297,0.06762
139.90125,1.99750,0.08883,0.84441,0.06676
140.00125,1.99750,0.08803,0.84583,0.06614
140.10126,1.99750,0.08728,0.84720,0.06552
140.20125,1.99750,0.08722,0.84720,0.06559
140.30125,1.99750,0.08704,0.84735,0.06561
140.40125,1.99750,0.08702,0.84774,0.06524
140.50125,1.99750,0.08690,0.84797,0.06513
140.60126,1.99750,0.08636,0.84866,0.06498
140.70125,1.99750,0.08596,0.84907,0.06497
140.80125,1.99750,0.08585,0.84845,0.06570
140.90125,1.99750,0.08573,0.84782,0.06646
141.00125,1.99750,0.08521,0.84827,0.06651
141.10126,1.99750,0.08484,0.84841,0.06675
141.20125,1.99750,0.08445,0.84843,0.06712
141.30125,1.99750,0.08428,0.84786,0.06785
141.40125,1.99750,0.08491,0.84552,0.06957
141.50125,1.99750,0.08513,0.84398,0.07089
141.60126,1.99750,0.08538,0.84294,0.07168
141.70125,1.99750,0.08585,0.84127,0.07288
141.80125,1.99750,0.08606,0.83980,0.07414
141.90125,1.99750,0.08664,0.83784,0.07552
142.00125,1.99750,0.08734,0.83582,0.07685
142.10126,1.99750,0.08805,0.83402,0.07793
142.20125,1.99750,0.08821,0.83356,0.07823
142.30125,1.99750,0.08846,0.83268,0.07886
142.40125,1.99750,0.08829,0.83216,0.07955
142.50125,1.99750,0.08942,0.82951,0.08107
142.60126,1.99750,0.09054,0.82684,0.08261
142.70125,1.99750,0.09182,0.82392,0.08426
142.80125,1.99750,0.09309,0.82166,0.08525
142.90125,1.99750,0.09434,0.81931,0.08635
143.00125,1.99750,0.09535,0.81712,0.08753
143.10126,1.99750,0.09722,0.81378,0.08900
143.20125,1.99750,0.09879,0.81096,0.09025
143.30125,1.99750,0.10044,0.80818,0.09138
143.40125,1.99750,0.10168,0.80672,0.09160
143.50125,1.99750,0.10268,0.80561,0.09170
143.60126,1.99750,0.10323,0.80494,0.09182
143.70125,1.99750,0.10383,0.80431,0.09185
143.80125,1.99750,0.10398,0.80436,0.09166
143.90125,1.99750,0.10397,0.80451,0.09152
144.00125,1.99750,0.10373,0.80503,0.09124
144.10126,1.99750,0.10337,0.80541,0.09122
144.20125,1.99750,0.10369,0.80449,0.09182
144.30125,1.99750,0.10378,0.80431,0.09191
144.40125,1.99750,0.10378,0.80438,0.09184
144.50125,1.99750,0.10286,0.80614,0.09101
144.60126,1.99750,0.10169,0.80820,0.09011
144.70125,1.99750,0.10017,0.81102,0.08882
144.80125,1.99750,0.09987,0.81163,0.08851
144.90125,1.99750,0.09912,0.81309,0.08779
145.00125,1.99750,0.09843,0.81444,0.08713
145.10126,1.99750,0.09691,0.81710,0.08598
145.20125,1.99750,0.09530,0.82007,0.08463
145.30125,1.99750,0.09331,0.82357,0.08312
145.40125,1.99750,0.09206,0.82560,0.08234
145.50125,1.99750,0.09094,0.82761,0.08144
145.60126,1.99750,0.09008,0.82933,0.08059
145.70125,1.99750,0.08935,0.83076,0.07989
145.80125,1.99750,0.08854,0.83234,0.07912
145.90125,1.99750,0.08817,0.83294,0.07888
146.00125,1.99750,0.08788,0.83355,0.07857
146.10126,1.99750,0.08732,0.83474,0.07794
146.20125,1.99750,0.08644,0.83666,0.07690
146.30125,1.99750,0.08576,0.83814,0.07610
146.40125,1.99750,0.08484,0.84020,0.07496
146.50125,1.99750,0.08414,0.84204,0.07382
146.60126,1.99750,0.08330,0.84403,0.07267
146.70125,1.99750,0.08228,0.84644,0.07129
146.80125,1.99750,0.08071,0.84994,0.06935
146.90125,1.99750,0.07933,0.85288,0.06779
147.00125,1.99750,0.07791,0.85571,0.06638
147.10126,1.99750,0.07769,0.85611,0.06620
147.20125,1.99750,0.07736,0.85677,0.06587
147.30125,1.99750,0.07669,0.85850,0.06481
147.40125,1.99750,0.07622,0.85986,0.06392
147.50125,1.99750,0.07557,0.86134,0.06308
147.60126,1.99750,0.07567,0.86133,0.06300
147.70125,1.99750,0.07575,0.86144,0.06281
147.80125,1.99750,0.07575,0.86174,0.06250
147.90125,1.99750,0.07529,0.86313,0.06158
148.00125,1.99750,0.07484,0.86429,0.06087
148.10126,1.99750,0.07446,0.86523,0.06031
148.20125,1.99750,0.07438,0.86544,0.06018
148.30125,1.99750,0.07454,0.86514,0.06032
148.40125,1.99750,0.07485,0.86445,0.06069
148.50125,1.99750,0.07505,0.86418,0.06077
148.60126,1.99750,0.07535,0.86366,0.06100
148.70125,1.99750,0.07558,0.86314,0.06128
148.80125,1.99750,0.07611,0.86213,0.06176
148.90125,1.99750,0.07687,0.86066,0.06247
149.00125,1.99750,0.07666,0.86082,0.06251
149.10126,1.99750,0.07703,0.86081,0.06215
149.20125,1.99750,0.07723,0.86082,0.06195
149.30125,1.99750,0.07726,0.86100,0.06174
149.40125,1.99750,0.07727,0.86121,0.06152
149.50125,1.99750,0.07753,0.86064,0.06183
149.60126,1.99750,0.07684,0.86202,0.06114
149.70125,1.99750,0.07675,0.86233,0.06092
149.80125,1.99750,0.07665,0.86256,0.06079
149.90125,1.99750,0.07644,0.86294,0.06062
150.00125,1.99750,0.07647,0.86285,0.06068
150.10126,1.99750,0.07731,0.86124,0.06145
150.20125,1.99750,0.07726,0.86124,0.06151
150.30125,1.99750,0.07771,0.86024,0.06204
150.40125,1.99750,0.07812,0.85919,0.06269
150.50125,1.99750,0.07806,0.85899,0.06294
150.60126,1.99750,0.07811,0.85854,0.06334
150.70125,1.99750,0.07861,0.85712,0.06428
150.80125,1.99750,0.07836,0.85748,0.06415
150.90125,1.99750,0.07869,0.85678,0.06453
151.00125,1.99750,0.07903,0.85584,0.06513
151.10126,1.99750,0.07896,0.85575,0.06529
151.20125,1.99750,0.07894,0.85559,0.06547
151.30125,1.99750,0.07887,0.85555,0.06558
151.40125,1.99750,0.07949,0.85392,0.06659
151.50125,1.99750,0.07981,0.85314,0.06705
151.60126,1.99750,0.07992,0.85270,0.06737
151.70125,1.99750,0.07980,0.85268,0.06751
151.80125,1.99750,0.07934,0.85325,0.06741
151.90125,1.99750,0.07880,0.85398,0.06722
152.00125,1.99750,0.07837,0.85421,0.06742
152.10126,1.99750,0.07733,0.85578,0.06689
152.20125,1.99750,0.07612,0.85767,0.06622
152.30125,1.99750,0.07481,0.86005,0.06514
152.40125,1.99750,0.07360,0.86213,0.06427
152.50125,1.99750,0.07249,0.86389,0.06361
152.60126,1.99750,0.07150,0.86559,0.06291
152.70125,1.99750,0.07000,0.86793,0.06207
152.80125,1.99750,0.06892,0.86931,0.06177
152.90125,1.99750,0.06804,0.87051,0.06145
153.00125,1.99750,0.06700,0.87226,0.06074
153.10126,1.99750,0.06599,0.87381,0.06019
153.20125,1.99750,0.06518,0.87498,0.05983
153.30125,1.99750,0.06448,0.87595,0.05957
153.40125,1.99750,0.06349,0.87798,0.05853
153.50125,1.99750,0.06291,0.87911,0.05798
153.60126,1.99750,0.06229,0.88035,0.05736
153.70125,1.99750,0.06200,0.88108,0.05692
153.80125,1.99750,0.06187,0.88142,0.05671
153.90125,1.99750,0.06183,0.88155,0.05662
154.00125,1.99750,0.06124,0.88274,0.05601
154.10126,1.99750,0.06103,0.88326,0.05571
154.20125,1.99750,0.06105,0.88286,0.05609
154.30125,1.99750,0.06113,0.88219,0.05668
154.40125,1.99750,0.06133,0.88174,0.05694
154.50125,1.99750,0.06152,0.88139,0.05709
154.60126,1.99750,0.06172,0.88099,0.05729
154.70125,1.99750,0.06139,0.88185,0.05676
154.80125,1.99750,0.06155,0.88178,0.05666
154.90125,1.99750,0.06205,0.88061,0.05734
155.00125,1.99750,0.06265,0.87948,0.05788
155.10126,1.99750,0.06312,0.87876,0.05812
155.20125,1.99750,0.06359,0.87809,0.05832
155.30125,1.99750,0.06400,0.87747,0.05853
155.40125,1.99750,0.06447,0.87658,0.05896
155.50125,1.99750,0.06531,0.87470,0.05998
155.60126,1.99750,0.06606,0.87304,0.06090
155.70125,1.99750,0.06680,0.87136,0.06185
155.80125,1.99750,0.06733,0.87018,0.06249
155.90125,1.99750,0.06761,0.86966,0.06273
156.00125,1.99750,0.06799,0.86906,0.06296
156.10126,1.99750,0.06875,0.86778,0.06347
156.20125,1.99750,0.06939,0.86723,0.06338
156.30125,1.99750,0.07010,0.86642,0.06349
156.40125,1.99750,0.07074,0.86550,0.06376
156.50125,1.99750,0.07124,0.86485,0.06391
156.60126,1.99750,0.07165,0.86438,0.06396
156.70125,1.99750,0.07200,0.86406,0.06394
156.80125,1.99750,0.07220,0.86390,0.06389
156.90125,1.99750,0.07215,0.86460,0.06325
157.00125,1.99750,0.07221,0.86490,0.06289
157.10126,1.99750,0.07217,0.86518,0.06265
157.20125,1.99750,0.07213,0.86537,0.06249
157.30125,1.99750,0.07217,0.86538,0.06245
157.40125,1.99750,0.07291,0.86370,0.06339
157.50125,1.99750,0.07251,0.86455,0.06294
157.60126,1.99750,0.07233,0.86495,0.06272
157.70125,1.99750,0.07187,0.86579,0.06234
157.80125,1.99750,0.07141,0.86663,0.06196
157.90125,1.99750,0.07121,0.86701,0.06178
158.00125,1.99750,0.07142,0.86629,0.06229
158.10126,1.99750,0.07063,0.86754,0.06183
158.20125,1.99750,0.07069,0.86739,0.06192
158.30125,1.99750,0.07067,0.86738,0.06195
158.40125,1.99750,0.07049,0.86772,0.06179
158.50125,1.99750,0.07052,0.86776,0.06173
158.60126,1.99750,0.07061,0.86775,0.06164
158.70125,1.99750,0.07160,0.86601,0.06238
158.80125,1.99750,0.07222,0.86508,0.06270
158.90125,1.99750,0.07266,0.86438,0.06296
159.00125,1.99750,0.07296,0.86393,0.06311
159.10126,1.99750,0.07318,0.86361,0.06322
159.20125,1.99750,0.07333,0.86333,0.06334
159.30125,1.99750,0.07330,0.86344,0.06326
159.40125,1.99750,0.07281,0.86472,0.06246
159.50125,1.99750,0.07252,0.86531,0.06217
159.60126,1.99750,0.07220,0.86596,0.06184
159.70125,1.99750,0.07198,0.86649,0.06153
159.80125,1.99750,0.07198,0.86648,0.06154
159.90125,1.99750,0.07198,0.86651,0.06152
160.00125,1.99750,0.07131,0.86801,0.06068
160.10126,1.99750,0.07151,0.86734,0.06116
160.20125,1.99750,0.07155,0.86692,0.06153
160.30125,1.99750,0.07149,0.86681,0.06170
160.40125,1.99750,0.07119,0.86714,0.06167
160.50125,1.99750,0.07096,0.86727,0.06176
160.60126,1.99750,0.07046,0.86785,0.06169
160.70125,1.99750,0.06972,0.86894,0.06134
160.80125,1.99750,0.06910,0.86981,0.06108
160.90125,1.99750,0.06908,0.86956,0.06136
161.00125,1.99750,0.06925,0.86893,0.06183
161.10126,1.99750,0.06947,0.86824,0.06228
161.20125,1.99750,0.06955,0.86786,0.06259
161.30125,1.99750,0.06947,0.86776,0.06277
161.40125,1.99750,0.06948,0.86786,0.06266
161.50125,1.99750,0.06956,0.86779,0.06265
161.60126,1.99750,0.07036,0.86618,0.06346
161.70125,1.99750,0.07088,0.86511,0.06401
161.80125,1.99750,0.07143,0.86400,0.06457
161.90125,1.99750,0.07170,0.86339,0.06491
162.00125,1.99750,0.07169,0.86339,0.06492
162.10126,1.99750,0.07111,0.86502,0.06387
162.20125,1.99750,0.07094,0.86563,0.06342
162.30125,1.99750,0.07094,0.86568,0.06338
162.40125,1.99750,0.07146,0.86459,0.06395
162.50125,1.99750,0.07191,0.86355,0.06454
162.60126,1.99750,0.07230,0.86275,0.06494
162.70125,1.99750,0.07260,0.86213,0.06527
162.80125,1.99750,0.07235,0.86270,0.06495
162.90125,1.99750,0.07225,0.86296,0.06479
163.00125,1.99750,0.07229,0.86298,0.06472
163.10126,1.99750,0.07228,0.86297,0.06474
163.20125,1.99750,0.07262,0.86230,0.06507
163.30125,1.99750,0.07280,0.86220,0.06500
163.40125,1.99750,0.07298,0.86189,0.06513
163.50125,1.99750,0.07285,0.86205,0.06510
163.60126,1.99750,0.07221,0.86348,0.06432
163.70125,1.99750,0.07243,0.86293,0.06464
163.80125,1.99750,0.07243,0.86269,0.06487
163.90125,1.99750,0.07282,0.86192,0.06526
164.00125,1.99750,0.07280,0.86195,0.06525
164.10126,1.99750,0.07288,0.86172,0.06541
164.20125,1.99750,0.07295,0.86143,0.06562
164.30125,1.99750,0.07247,0.86237,0.06517
164.40125,1.99750,0.07270,0.86200,0.06530
164.50125,1.99750,0.07304,0.86139,0.06557
164.60126,1.99750,0.07322,0.86127,0.06551
164.70125,1.99750,0.07325,0.86133,0.06542
164.80125,1.99750,0.07328,0.86142,0.06530
164.90125,1.99750,0.07331,0.86159,0.06510
165.00125,1.99750,0.07333,0.86158,0.06509
165.10126,1.99750,0.07389,0.86054,0.06557
165.20125,1.99750,0.07424,0.85965,0.06611
165.30125,1.99750,0.07458,0.85901,0.06641
165.40125,1.99750,0.07482,0.85863,0.06655
165.50125,1.99750,0.07515,0.85816,0.06669
165.60126,1.99750,0.07545,0.85783,0.06671
165.70125,1.99750,0.07537,0.85832,0.06632
165.80125,1.99750,0.07618,0.85703,0.06679
165.90125,1.99750,0.07692,0.85572,0.06736
166.00125,1.99750,0.07761,0.85469,0.06770
166.10126,1.99750,0.07815,0.85402,0.06782
166.20125,1.99750,0.07854,0.85356,0.06790
166.30125,1.99750,0.07886,0.85308,0.06806
166.40125,1.99750,0.07913,0.85264,0.06823
166.50125,1.99750,0.07946,0.85199,0.06856
166.60126,1.99750,0.07989,0.85094,0.06917
166.70125,1.99750,0.08012,0.85046,0.06942
166.80125,1.99750,0.08018,0.85039,0.06943
166.90125,1.99750,0.08035,0.85003,0.06961
167.00125,1.99750,0.07964,0.85164,0.06872
167.10126,1.99750,0.07995,0.85140,0.06864
167.20125,1.99750,0.08029,0.85087,0.06884
167.30125,1.99750,0.08067,0.85046,0.06887
167.40125,1.99750,0.08094,0.85007,0.06899
167.50125,1.99750,0.08119,0.84959,0.06921
167.60126,1.99750,0.08169,0.84856,0.06975
167.70125,1.99750,0.08283,0.84665,0.07052
167.80125,1.99750,0.08554,0.84190,0.07255
167.90125,1.99750,0.08882,0.83612,0.07506
168.00125,1.99750,0.09093,0.83276,0.07631
168.10126,1.99750,0.09214,0.83105,0.07681
168.20125,1.99750,0.09266,0.83010,0.07723
168.30125,1.99750,0.09293,0.82880,0.07828
168.40125,1.99750,0.09286,0.82798,0.07916
168.50125,1.99750,0.09329,0.82612,0.08059
168.60126,1.99750,0.09387,0.82457,0.08156
168.70125,1.99750,0.09465,0.82248,0.08288
168.80125,1.99750,0.09575,0.81978,0.08447
168.90125,1.99750,0.09696,0.81686,0.08618
169.00125,1.99750,0.09852,0.81325,0.08823
169.10126,1.99750,0.09980,0.81014,0.09006
169.20125,1.99750,0.10144,0.80674,0.09182
169.30125,1.99750,0.10289,0.80385,0.09326
169.40125,1.99750,0.10439,0.80068,0.09493
169.50125,1.99750,0.10555,0.79830,0.09615
169.60126,1.99750,0.10578,0.79790,0.09632
169.70125,1.99750,0.10372,0.80070,0.09558
169.80125,1.99750,0.10031,0.80599,0.09371
169.90125,1.99750,0.09733,0.81085,0.09182
170.00125,1.99750,0.09502,0.81329,0.09169
170.10126,1.99750,0.09426,0.81303,0.09271
170.20125,1.99750,0.09553,0.80951,0.09495
170.30125,1.99750,0.09745,0.80570,0.09684
170.40125,1.99750,0.09853,0.80393,0.09753
170.50125,1.99750,0.09849,0.80408,0.09744
170.60126,1.99750,0.09870,0.80308,0.09822
170.70125,1.99750,0.09901,0.80184,0.09915
170.80125,1.99750,0.09856,0.80197,0.09947
170.90125,1.99750,0.09809,0.80258,0.09932
