Time,Duration,unlabelled,Normal,Noise
0.0012,6.0,1.0,0.0,0.0
0.1012,6.0,1.0,0.0,0.0
0.2012,6.0,1.0,0.0,0.0
0.3012,6.0,1.0,0.0,0.0
0.4012,6.0,1.0,0.0,0.0
0.5012,6.0,1.0,0.0,0.0
0.6012,6.0,1.0,0.0,0.0
0.7012,6.0,1.0,0.0,0.0
0.8012,6.0,1.0,0.0,0.0
0.9012,6.0,1.0,0.0,0.0
1.0012,6.0,1.0,0.0,0.0
1.1012,6.0,1.0,0.0,0.0
1.2012,6.0,1.0,0.0,0.0
1.3012,6.0,1.0,0.0,0.0
1.4012,6.0,1.0,0.0,0.0
1.5012,6.0,1.0,0.0,0.0
1.6012,6.0,1.0,0.0,0.0
1.7012,6.0,1.0,0.0,0.0
1.8012,6.0,1.0,0.0,0.0
1.9012,6.0,1.0,0.0,0.0
1.9987,6.0,1.0,0.0,0.0
2.0012,6.0,1.0,0.0,0.0
2.0987,6.0,1.0,0.0,0.0
2.1012,6.0,1.0,0.0,0.0
2.1988,6.0,1.0,0.0,0.0
2.2012,6.0,1.0,0.0,0.0
2.2987,6.0,1.0,0.0,0.0
2.3012,6.0,1.0,0.0,0.0
2.3987,6.0,1.0,0.0,0.0
2.4012,6.0,1.0,0.0,0.0
2.4987,6.0,1.0,0.0,0.0
2.5012,6.0,1.0,0.0,0.0
2.5987,6.0,1.0,0.0,0.0
2.6012,6.0,1.0,0.0,0.0
2.6988,6.0,1.0,0.0,0.0
2.7012,6.0,1.0,0.0,0.0
2.7987,6.0,1.0,0.0,0.0
2.8012,6.0,1.0,0.0,0.0
2.8987,6.0,1.0,0.0,0.0
2.9012,6.0,1.0,0.0,0.0
2.9987,6.0,1.0,0.0,0.0
3.0012,6.0,1.0,0.0,0.0
3.0987,6.0,1.0,0.0,0.0
3.1012,6.0,1.0,0.0,0.0
3.1988,6.0,1.0,0.0,0.0
3.2012,6.0,1.0,0.0,0.0
3.2987,6.0,1.0,0.0,0.0
3.3012,6.0,1.0,0.0,0.0
3.3987,6.0,1.0,0.0,0.0
3.4012,6.0,1.0,0.0,0.0
3.4987,6.0,1.0,0.0,0.0
3.5012,6.0,1.0,0.0,0.0
3.5987,6.0,1.0,0.0,0.0
3.6012,6.0,1.0,0.0,0.0
3.6988,6.0,1.0,0.0,0.0
3.7012,6.0,1.0,0.0,0.0
3.7987,6.0,1.0,0.0,0.0
3.8012,6.0,1.0,0.0,0.0
3.8987,6.0,1.0,0.0,0.0
3.9012,6.0,1.0,0.0,0.0
3.9987,6.0,1.0,0.0,0.0
4.0012,6.0,1.0,0.0,0.0
4.0988,6.0,1.0,0.0,0.0
4.1012,6.0,1.0,0.0,0.0
4.1988,6.0,1.0,0.0,0.0
4.2013,6.0,1.0,0.0,0.0
4.2987,6.0,1.0,0.0,0.0
4.3012,6.0,1.0,0.0,0.0
4.3987,6.0,1.0,0.0,0.0
4.4012,6.0,1.0,0.0,0.0
4.4987,6.0,1.0,0.0,0.0
4.5012,6.0,1.0,0.0,0.0
4.5988,6.0,1.0,0.0,0.0
4.6012,6.0,1.0,0.0,0.0
4.6988,6.0,1.0,0.0,0.0
4.7013,6.0,1.0,0.0,0.0
4.7987,6.0,1.0,0.0,0.0
4.8012,6.0,1.0,0.0,0.0
4.8987,6.0,1.0,0.0,0.0
4.9012,6.0,1.0,0.0,0.0
4.9987,6.0,1.0,0.0,0.0
5.0012,6.0,1.0,0.0,0.0
5.0988,6.0,1.0,0.0,0.0
5.1012,6.0,1.0,0.0,0.0
5.1988,6.0,1.0,0.0,0.0
5.2013,6.0,1.0,0.0,0.0
5.2987,6.0,1.0,0.0,0.0
5.3012,6.0,1.0,0.0,0.0
5.3987,6.0,1.0,0.0,0.0
5.4012,6.0,1.0,0.0,0.0
5.4987,6.0,1.0,0.0,0.0
5.5012,6.0,1.0,0.0,0.0
5.5988,6.0,1.0,0.0,0.0
5.6012,6.0,1.0,0.0,0.0
5.6988,6.0,1.0,0.0,0.0
5.7013,6.0,1.0,0.0,0.0
5.7987,6.0,1.0,0.0,0.0
5.8012,6.0,1.0,0.0,0.0
5.8987,6.0,1.0,0.0,0.0
5.9012,6.0,1.0,0.0,0.0
5.9987,6.0,1.0,0.0,0.0
6.0012,6.0,1.0,0.0,0.0
6.0988,6.0,1.0,0.0,0.0
6.1012,6.0,1.0,0.0,0.0
6.1988,6.0,1.0,0.0,0.0
6.2013,6.0,1.0,0.0,0.0
6.2987,6.0,1.0,0.0,0.0
6.3012,6.0,1.0,0.0,0.0
6.3987,6.0,1.0,0.0,0.0
6.4012,6.0,1.0,0.0,0.0
6.4987,6.0,1.0,0.0,0.0
6.5012,6.0,1.0,0.0,0.0
6.5988,6.0,1.0,0.0,0.0
6.6012,6.0,1.0,0.0,0.0
6.6988,6.0,1.0,0.0,0.0
6.7013,6.0,1.0,0.0,0.0
6.7987,6.0,1.0,0.0,0.0
6.8012,6.0,1.0,0.0,0.0
6.8987,6.0,1.0,0.0,0.0
6.9012,6.0,1.0,0.0,0.0
6.9987,6.0,1.0,0.0,0.0
7.0012,6.0,1.0,0.0,0.0
7.0988,6.0,1.0,0.0,0.0
7.1012,6.0,1.0,0.0,0.0
7.1988,6.0,1.0,0.0,0.0
7.2013,6.0,1.0,0.0,0.0
7.2987,6.0,1.0,0.0,0.0
7.3012,6.0,1.0,0.0,0.0
7.3987,6.0,1.0,0.0,0.0
7.4012,6.0,1.0,0.0,0.0
7.4987,6.0,1.0,0.0,0.0
7.5012,6.0,1.0,0.0,0.0
7.5988,6.0,1.0,0.0,0.0
7.6012,6.0,1.0,0.0,0.0
7.6988,6.0,1.0,0.0,0.0
7.7013,6.0,1.0,0.0,0.0
7.7987,6.0,1.0,0.0,0.0
7.8012,6.0,1.0,0.0,0.0
7.8987,6.0,1.0,0.0,0.0
7.9012,6.0,1.0,0.0,0.0
7.9987,6.0,1.0,0.0,0.0
8.0013,6.0,1.0,0.0,0.0
8.0988,6.0,1.0,0.0,0.0
8.1012,6.0,1.0,0.0,0.0
8.1987,6.0,1.0,0.0,0.0
8.2013,6.0,1.0,0.0,0.0
8.2987,6.0,1.0,0.0,0.0
8.3012,6.0,1.0,0.0,0.0
8.3988,6.0,1.0,0.0,0.0
8.4012,6.0,1.0,0.0,0.0
8.4987,6.0,1.0,0.0,0.0
8.5013,6.0,1.0,0.0,0.0
8.5988,6.0,1.0,0.0,0.0
8.6012,6.0,1.0,0.0,0.0
8.6987,6.0,1.0,0.0,0.0
8.7013,6.0,1.0,0.0,0.0
8.7987,6.0,1.0,0.0,0.0
8.8012,6.0,1.0,0.0,0.0
8.8988,6.0,1.0,0.0,0.0
8.9012,6.0,1.0,0.0,0.0
8.9987,6.0,1.0,0.0,0.0
9.0013,6.0,1.0,0.0,0.0
9.0988,6.0,1.0,0.0,0.0
9.1012,6.0,1.0,0.0,0.0
9.1987,6.0,1.0,0.0,0.0
9.2013,6.0,1.0,0.0,0.0
9.2987,6.0,1.0,0.0,0.0
9.3012,6.0,1.0,0.0,0.0
9.3988,6.0,1.0,0.0,0.0
9.4012,6.0,1.0,0.0,0.0
9.4987,6.0,1.0,0.0,0.0
9.5013,6.0,1.0,0.0,0.0
9.5988,6.0,1.0,0.0,0.0
9.6012,6.0,1.0,0.0,0.0
9.6987,6.0,1.0,0.0,0.0
9.7013,6.0,1.0,0.0,0.0
9.7987,6.0,1.0,0.0,0.0
9.8012,6.0,1.0,0.0,0.0
9.8988,6.0,1.0,0.0,0.0
9.9012,6.0,1.0,0.0,0.0
9.9987,6.0,1.0,0.0,0.0
10.0013,6.0,1.0,0.0,0.0
10.0988,6.0,1.0,0.0,0.0
10.1012,6.0,1.0,0.0,0.0
10.1987,6.0,1.0,0.0,0.0
10.2013,6.0,1.0,0.0,0.0
10.2987,6.0,1.0,0.0,0.0
10.3012,6.0,1.0,0.0,0.0
10.3988,6.0,1.0,0.0,0.0
10.4012,6.0,1.0,0.0,0.0
10.4987,6.0,1.0,0.0,0.0
10.5013,6.0,1.0,0.0,0.0
10.5988,6.0,1.0,0.0,0.0
10.6012,6.0,1.0,0.0,0.0
10.6987,6.0,1.0,0.0,0.0
10.7013,6.0,1.0,0.0,0.0
10.7987,6.0,1.0,0.0,0.0
10.8012,6.0,1.0,0.0,0.0
10.8988,6.0,1.0,0.0,0.0
10.9012,6.0,1.0,0.0,0.0
10.9987,6.0,1.0,0.0,0.0
11.0013,6.0,1.0,0.0,0.0
11.0988,6.0,1.0,0.0,0.0
11.1012,6.0,1.0,0.0,0.0
11.1987,6.0,1.0,0.0,0.0
11.2013,6.0,1.0,0.0,0.0
11.2987,6.0,1.0,0.0,0.0
11.3012,6.0,1.0,0.0,0.0
11.3988,6.0,1.0,0.0,0.0
11.4012,6.0,1.0,0.0,0.0
11.4987,6.0,1.0,0.0,0.0
11.5013,6.0,1.0,0.0,0.0
11.5988,6.0,1.0,0.0,0.0
11.6012,6.0,1.0,0.0,0.0
11.6987,6.0,1.0,0.0,0.0
11.7013,6.0,1.0,0.0,0.0
11.7987,6.0,1.0,0.0,0.0
11.8012,6.0,1.0,0.0,0.0
11.8988,6.0,1.0,0.0,0.0
11.9012,6.0,1.0,0.0,0.0
11.9987,6.0,1.0,0.0,0.0
12.0013,6.0,1.0,0.0,0.0
12.0988,6.0,1.0,0.0,0.0
12.1012,6.0,1.0,0.0,0.0
12.1987,6.0,1.0,0.0,0.0
12.2013,6.0,1.0,0.0,0.0
12.2987,6.0,1.0,0.0,0.0
12.3012,6.0,1.0,0.0,0.0
12.3988,6.0,1.0,0.0,0.0
12.4012,6.0,1.0,0.0,0.0
12.4987,6.0,1.0,0.0,0.0
12.5013,6.0,1.0,0.0,0.0
12.5988,6.0,1.0,0.0,0.0
12.6012,6.0,1.0,0.0,0.0
12.6987,6.0,1.0,0.0,0.0
12.7013,6.0,1.0,0.0,0.0
12.7987,6.0,1.0,0.0,0.0
12.8012,6.0,1.0,0.0,0.0
12.8988,6.0,1.0,0.0,0.0
12.9012,6.0,1.0,0.0,0.0
12.9987,6.0,1.0,0.0,0.0
13.0013,6.0,1.0,0.0,0.0
13.0988,6.0,1.0,0.0,0.0
13.1012,6.0,1.0,0.0,0.0
13.1987,6.0,1.0,0.0,0.0
13.2013,6.0,1.0,0.0,0.0
13.2987,6.0,1.0,0.0,0.0
13.3012,6.0,1.0,0.0,0.0
13.3988,6.0,1.0,0.0,0.0
13.4012,6.0,1.0,0.0,0.0
13.4987,6.0,1.0,0.0,0.0
13.5013,6.0,1.0,0.0,0.0
13.5988,6.0,1.0,0.0,0.0
13.6012,6.0,1.0,0.0,0.0
13.6987,6.0,1.0,0.0,0.0
13.7013,6.0,1.0,0.0,0.0
13.7987,6.0,1.0,0.0,0.0
13.8012,6.0,1.0,0.0,0.0
13.8988,6.0,1.0,0.0,0.0
13.9012,6.0,1.0,0.0,0.0
13.9987,6.0,1.0,0.0,0.0
14.0013,6.0,1.0,0.0,0.0
14.0988,6.0,1.0,0.0,0.0
14.1012,6.0,1.0,0.0,0.0
14.1987,6.0,1.0,0.0,0.0
14.2013,6.0,1.0,0.0,0.0
14.2987,6.0,1.0,0.0,0.0
14.3012,6.0,1.0,0.0,0.0
14.3988,6.0,1.0,0.0,0.0
14.4012,6.0,1.0,0.0,0.0
14.4987,6.0,1.0,0.0,0.0
14.5013,6.0,1.0,0.0,0.0
14.5988,6.0,1.0,0.0,0.0
14.6012,6.0,1.0,0.0,0.0
14.6987,6.0,1.0,0.0,0.0
14.7013,6.0,1.0,0.0,0.0
14.7987,6.0,1.0,0.0,0.0
14.8012,6.0,1.0,0.0,0.0
14.8988,6.0,1.0,0.0,0.0
14.9012,6.0,1.0,0.0,0.0
14.9987,6.0,1.0,0.0,0.0
15.0013,6.0,1.0,0.0,0.0
15.0988,6.0,1.0,0.0,0.0
15.1012,6.0,1.0,0.0,0.0
15.1987,6.0,1.0,0.0,0.0
15.2013,6.0,1.0,0.0,0.0
15.2987,6.0,1.0,0.0,0.0
15.3012,6.0,1.0,0.0,0.0
15.3988,6.0,1.0,0.0,0.0
15.4012,6.0,1.0,0.0,0.0
15.4987,6.0,1.0,0.0,0.0
15.5013,6.0,1.0,0.0,0.0
15.5988,6.0,1.0,0.0,0.0
15.6012,6.0,1.0,0.0,0.0
15.6987,6.0,1.0,0.0,0.0
15.7013,6.0,1.0,0.0,0.0
15.7987,6.0,1.0,0.0,0.0
15.8012,6.0,1.0,0.0,0.0
15.8988,6.0,1.0,0.0,0.0
15.9012,6.0,1.0,0.0,0.0
15.9987,6.0,1.0,0.0,0.0
16.0012,6.0,1.0,0.0,0.0
16.0987,6.0,1.0,0.0,0.0
16.1012,6.0,1.0,0.0,0.0
16.1987,6.0,1.0,0.0,0.0
16.2013,6.0,1.0,0.0,0.0
16.2987,6.0,1.0,0.0,0.0
16.3013,6.0,1.0,0.0,0.0
16.3988,6.0,1.0,0.0,0.0
16.4013,6.0,1.0,0.0,0.0
16.4988,6.0,1.0,0.0,0.0
16.5012,6.0,1.0,0.0,0.0
16.5987,6.0,1.0,0.0,0.0
16.6012,6.0,1.0,0.0,0.0
16.6987,6.0,1.0,0.0,0.0
16.7013,6.0,1.0,0.0,0.0
16.7987,6.0,1.0,0.0,0.0
16.8013,6.0,1.0,0.0,0.0
16.8988,6.0,1.0,0.0,0.0
16.9013,6.0,1.0,0.0,0.0
16.9988,6.0,1.0,0.0,0.0
17.0012,6.0,1.0,0.0,0.0
17.0987,6.0,1.0,0.0,0.0
17.1012,6.0,1.0,0.0,0.0
17.1987,6.0,1.0,0.0,0.0
17.2013,6.0,1.0,0.0,0.0
17.2987,6.0,1.0,0.0,0.0
17.3013,6.0,1.0,0.0,0.0
17.3988,6.0,1.0,0.0,0.0
17.4013,6.0,1.0,0.0,0.0
17.4988,6.0,1.0,0.0,0.0
17.5012,6.0,1.0,0.0,0.0
17.5987,6.0,1.0,0.0,0.0
17.6012,6.0,1.0,0.0,0.0
17.6987,6.0,1.0,0.0,0.0
17.7013,6.0,1.0,0.0,0.0
17.7987,6.0,1.0,0.0,0.0
17.8013,6.0,1.0,0.0,0.0
17.8988,6.0,1.0,0.0,0.0
17.9013,6.0,1.0,0.0,0.0
17.9988,6.0,1.0,0.0,0.0
18.0012,6.0,1.0,0.0,0.0
18.0987,6.0,1.0,0.0,0.0
18.1012,6.0,1.0,0.0,0.0
18.1987,6.0,1.0,0.0,0.0
18.2013,6.0,1.0,0.0,0.0
18.2987,6.0,1.0,0.0,0.0
18.3013,6.0,1.0,0.0,0.0
18.3988,6.0,1.0,0.0,0.0
18.4013,6.0,1.0,0.0,0.0
18.4988,6.0,1.0,0.0,0.0
18.5012,6.0,1.0,0.0,0.0
18.5987,6.0,1.0,0.0,0.0
18.6012,6.0,1.0,0.0,0.0
18.6987,6.0,1.0,0.0,0.0
18.7013,6.0,1.0,0.0,0.0
18.7987,6.0,1.0,0.0,0.0
18.8013,6.0,1.0,0.0,0.0
18.8988,6.0,1.0,0.0,0.0
18.9013,6.0,1.0,0.0,0.0
18.9988,6.0,1.0,0.0,0.0
19.0012,6.0,1.0,0.0,0.0
19.0987,6.0,1.0,0.0,0.0
19.1012,6.0,1.0,0.0,0.0
19.1987,6.0,1.0,0.0,0.0
19.2013,6.0,1.0,0.0,0.0
19.2987,6.0,1.0,0.0,0.0
19.3013,6.0,1.0,0.0,0.0
19.3988,6.0,1.0,0.0,0.0
19.4013,6.0,1.0,0.0,0.0
19.4988,6.0,1.0,0.0,0.0
19.5012,6.0,1.0,0.0,0.0
19.5987,6.0,1.0,0.0,0.0
19.6012,6.0,1.0,0.0,0.0
19.6987,6.0,1.0,0.0,0.0
19.7013,6.0,1.0,0.0,0.0
19.7987,6.0,1.0,0.0,0.0
19.8013,6.0,1.0,0.0,0.0
19.8988,6.0,1.0,0.0,0.0
19.9013,6.0,1.0,0.0,0.0
19.9988,6.0,1.0,0.0,0.0
20.0012,6.0,1.0,0.0,0.0
20.0987,6.0,1.0,0.0,0.0
20.1012,6.0,1.0,0.0,0.0
20.1987,6.0,1.0,0.0,0.0
20.2013,6.0,1.0,0.0,0.0
20.2987,6.0,1.0,0.0,0.0
20.3013,6.0,1.0,0.0,0.0
20.3988,6.0,1.0,0.0,0.0
20.4013,6.0,1.0,0.0,0.0
20.4988,6.0,1.0,0.0,0.0
20.5012,6.0,1.0,0.0,0.0
20.5987,6.0,1.0,0.0,0.0
20.6012,6.0,1.0,0.0,0.0
20.6987,6.0,1.0,0.0,0.0
20.7013,6.0,1.0,0.0,0.0
20.7987,6.0,1.0,0.0,0.0
20.8013,6.0,1.0,0.0,0.0
20.8988,6.0,1.0,0.0,0.0
20.9013,6.0,1.0,0.0,0.0
20.9988,6.0,1.0,0.0,0.0
21.0012,6.0,1.0,0.0,0.0
21.0987,6.0,1.0,0.0,0.0
21.1012,6.0,1.0,0.0,0.0
21.1987,6.0,1.0,0.0,0.0
21.2013,6.0,1.0,0.0,0.0
21.2987,6.0,1.0,0.0,0.0
21.3013,6.0,1.0,0.0,0.0
21.3988,6.0,1.0,0.0,0.0
21.4013,6.0,1.0,0.0,0.0
21.4988,6.0,1.0,0.0,0.0
21.5012,6.0,1.0,0.0,0.0
21.5987,6.0,1.0,0.0,0.0
21.6012,6.0,1.0,0.0,0.0
21.6987,6.0,1.0,0.0,0.0
21.7013,6.0,1.0,0.0,0.0
21.7987,6.0,1.0,0.0,0.0
21.8013,6.0,1.0,0.0,0.0
21.8988,6.0,1.0,0.0,0.0
21.9013,6.0,1.0,0.0,0.0
21.9988,6.0,1.0,0.0,0.0
22.0012,6.0,1.0,0.0,0.0
22.0987,6.0,1.0,0.0,0.0
22.1012,6.0,1.0,0.0,0.0
22.1987,6.0,1.0,0.0,0.0
22.2013,6.0,1.0,0.0,0.0
22.2987,6.0,1.0,0.0,0.0
22.3013,6.0,1.0,0.0,0.0
22.3988,6.0,1.0,0.0,0.0
22.4013,6.0,1.0,0.0,0.0
22.4988,6.0,1.0,0.0,0.0
22.5012,6.0,1.0,0.0,0.0
22.5987,6.0,1.0,0.0,0.0
22.6012,6.0,1.0,0.0,0.0
22.6987,6.0,1.0,0.0,0.0
22.7013,6.0,1.0,0.0,0.0
22.7987,6.0,1.0,0.0,0.0
22.8013,6.0,1.0,0.0,0.0
22.8988,6.0,1.0,0.0,0.0
22.9013,6.0,1.0,0.0,0.0
22.9988,6.0,1.0,0.0,0.0
23.0012,6.0,1.0,0.0,0.0
23.0987,6.0,1.0,0.0,0.0
23.1012,6.0,1.0,0.0,0.0
23.1987,6.0,1.0,0.0,0.0
23.2013,6.0,1.0,0.0,0.0
23.2987,6.0,1.0,0.0,0.0
23.3013,6.0,1.0,0.0,0.0
23.3988,6.0,1.0,0.0,0.0
23.4013,6.0,1.0,0.0,0.0
23.4988,6.0,1.0,0.0,0.0
23.5012,6.0,1.0,0.0,0.0
23.5987,6.0,1.0,0.0,0.0
23.6012,6.0,1.0,0.0,0.0
23.6987,6.0,1.0,0.0,0.0
23.7013,6.0,1.0,0.0,0.0
23.7987,6.0,1.0,0.0,0.0
23.8013,6.0,1.0,0.0,0.0
23.8988,6.0,1.0,0.0,0.0
23.9013,6.0,1.0,0.0,0.0
23.9988,6.0,1.0,0.0,0.0
24.0012,6.0,1.0,0.0,0.0
24.0987,6.0,1.0,0.0,0.0
24.1012,6.0,1.0,0.0,0.0
24.1987,6.0,1.0,0.0,0.0
24.2013,6.0,1.0,0.0,0.0
24.2987,6.0,1.0,0.0,0.0
24.3013,6.0,1.0,0.0,0.0
24.3988,6.0,1.0,0.0,0.0
24.4013,6.0,1.0,0.0,0.0
24.4988,6.0,1.0,0.0,0.0
24.5012,6.0,1.0,0.0,0.0
24.5987,6.0,1.0,0.0,0.0
24.6012,6.0,1.0,0.0,0.0
24.6987,6.0,1.0,0.0,0.0
24.7013,6.0,1.0,0.0,0.0
24.7987,6.0,1.0,0.0,0.0
24.8013,6.0,1.0,0.0,0.0
24.8988,6.0,1.0,0.0,0.0
24.9013,6.0,1.0,0.0,0.0
24.9988,6.0,1.0,0.0,0.0
25.0012,6.0,1.0,0.0,0.0
25.0987,6.0,1.0,0.0,0.0
25.1012,6.0,1.0,0.0,0.0
25.1987,6.0,1.0,0.0,0.0
25.2013,6.0,1.0,0.0,0.0
25.2987,6.0,1.0,0.0,0.0
25.3013,6.0,1.0,0.0,0.0
25.3988,6.0,1.0,0.0,0.0
25.4013,6.0,1.0,0.0,0.0
25.4988,6.0,1.0,0.0,0.0
25.5012,6.0,1.0,0.0,0.0
25.5987,6.0,1.0,0.0,0.0
25.6012,6.0,1.0,0.0,0.0
25.6987,6.0,1.0,0.0,0.0
25.7013,6.0,1.0,0.0,0.0
25.7987,6.0,1.0,0.0,0.0
25.8013,6.0,1.0,0.0,0.0
25.8988,6.0,1.0,0.0,0.0
25.9013,6.0,1.0,0.0,0.0
25.9988,6.0,1.0,0.0,0.0
26.0012,6.0,1.0,0.0,0.0
26.0987,6.0,1.0,0.0,0.0
26.1012,6.0,1.0,0.0,0.0
26.1987,6.0,1.0,0.0,0.0
26.2013,6.0,1.0,0.0,0.0
26.2987,6.0,1.0,0.0,0.0
26.3013,6.0,1.0,0.0,0.0
26.3988,6.0,1.0,0.0,0.0
26.4013,6.0,1.0,0.0,0.0
26.4988,6.0,1.0,0.0,0.0
26.5012,6.0,1.0,0.0,0.0
26.5987,6.0,1.0,0.0,0.0
26.6012,6.0,1.0,0.0,0.0
26.6987,6.0,1.0,0.0,0.0
26.7013,6.0,1.0,0.0,0.0
26.7987,6.0,1.0,0.0,0.0
26.8013,6.0,1.0,0.0,0.0
26.8988,6.0,1.0,0.0,0.0
26.9013,6.0,1.0,0.0,0.0
26.9988,6.0,1.0,0.0,0.0
27.0012,6.0,1.0,0.0,0.0
27.0987,6.0,1.0,0.0,0.0
27.1012,6.0,1.0,0.0,0.0
27.1987,6.0,1.0,0.0,0.0
27.2013,6.0,1.0,0.0,0.0
27.2987,6.0,1.0,0.0,0.0
27.3013,6.0,1.0,0.0,0.0
27.3988,6.0,1.0,0.0,0.0
27.4013,6.0,1.0,0.0,0.0
27.4988,6.0,1.0,0.0,0.0
27.5012,6.0,1.0,0.0,0.0
27.5987,6.0,1.0,0.0,0.0
27.6012,6.0,1.0,0.0,0.0
27.6987,6.0,1.0,0.0,0.0
27.7013,6.0,1.0,0.0,1.0
27.7987,6.0,1.0,0.0,1.0
27.8013,6.0,1.0,0.0,1.0
27.8988,6.0,1.0,0.0,1.0
27.9013,6.0,1.0,0.0,1.0
27.9988,6.0,1.0,0.0,1.0
28.0012,6.0,1.0,0.0,1.0
28.0987,6.0,1.0,0.0,1.0
28.1012,6.0,1.0,0.0,1.0
28.1987,6.0,1.0,0.0,1.0
28.2013,6.0,1.0,0.0,1.0
28.2987,6.0,1.0,0.0,1.0
28.3013,6.0,1.0,0.0,1.0
28.3988,6.0,1.0,0.0,1.0
28.4013,6.0,1.0,0.0,1.0
28.4988,6.0,1.0,0.0,1.0
28.5012,6.0,1.0,0.0,1.0
28.5987,6.0,1.0,0.0,1.0
28.6012,6.0,1.0,0.0,1.0
28.6987,6.0,1.0,0.0,1.0
28.7013,6.0,1.0,0.0,1.0
28.7987,6.0,1.0,0.0,1.0
28.8013,6.0,1.0,0.0,1.0
28.8988,6.0,1.0,0.0,1.0
28.9013,6.0,1.0,0.0,1.0
28.9988,6.0,1.0,0.0,1.0
29.0012,6.0,1.0,0.0,1.0
29.0987,6.0,1.0,0.0,1.0
29.1012,6.0,1.0,0.0,1.0
29.1987,6.0,1.0,0.0,1.0
29.2013,6.0,1.0,0.0,1.0
29.2987,6.0,1.0,0.0,1.0
29.3013,6.0,1.0,0.0,1.0
29.3988,6.0,1.0,0.0,1.0
29.4013,6.0,1.0,0.0,1.0
29.4988,6.0,1.0,0.0,1.0
29.5012,6.0,1.0,0.0,1.0
29.5987,6.0,1.0,0.0,1.0
29.6012,6.0,0.0,0.0,1.0
29.6987,6.0,0.0,0.0,1.0
29.7013,6.0,0.0,0.0,1.0
29.7987,6.0,0.0,0.0,1.0
29.8013,6.0,0.0,0.0,1.0
29.8988,6.0,0.0,0.0,1.0
29.9013,6.0,0.0,0.0,1.0
29.9988,6.0,0.0,0.0,1.0
30.0012,6.0,0.0,0.0,1.0
30.0987,6.0,0.0,0.0,1.0
30.1012,6.0,0.0,0.0,1.0
30.1987,6.0,0.0,0.0,1.0
30.2013,6.0,0.0,0.0,1.0
30.2987,6.0,0.0,0.0,1.0
30.3013,6.0,0.0,0.0,1.0
30.3988,6.0,0.0,0.0,1.0
30.4013,6.0,0.0,0.0,1.0
30.4988,6.0,0.0,0.0,1.0
30.5012,6.0,0.0,0.0,1.0
30.5987,6.0,0.0,0.0,1.0
30.6012,6.0,0.0,0.0,1.0
30.6987,6.0,0.0,0.0,1.0
30.7013,6.0,0.0,0.0,1.0
30.7987,6.0,0.0,0.0,1.0
30.8013,6.0,0.0,0.0,1.0
30.8988,6.0,0.0,0.0,1.0
30.9013,6.0,0.0,0.0,1.0
30.9988,6.0,0.0,0.0,1.0
31.0012,6.0,0.0,0.0,1.0
31.0987,6.0,0.0,0.0,1.0
31.1012,6.0,0.0,0.0,1.0
31.1987,6.0,0.0,0.0,1.0
31.2013,6.0,0.0,0.0,1.0
31.2987,6.0,0.0,0.0,1.0
31.3013,6.0,0.0,0.0,1.0
31.3988,6.0,0.0,0.0,1.0
31.4013,6.0,0.0,0.0,1.0
31.4988,6.0,0.0,0.0,1.0
31.5012,6.0,0.0,0.0,1.0
31.5987,6.0,0.0,0.0,1.0
31.6012,6.0,0.0,0.0,1.0
31.6987,6.0,0.0,0.0,1.0
31.7013,6.0,0.0,0.0,1.0
31.7987,6.0,0.0,0.0,1.0
31.8013,6.0,0.0,0.0,1.0
31.8988,6.0,0.0,0.0,1.0
31.9013,6.0,0.0,0.0,1.0
31.9988,6.0,0.0,0.0,1.0
32.0013,6.0,0.0,0.0,1.0
32.0988,6.0,0.0,0.0,1.0
32.1012,6.0,0.0,0.0,1.0
32.1987,6.0,0.0,0.0,1.0
32.2012,6.0,0.0,0.0,1.0
32.2987,6.0,0.0,0.0,1.0
32.3013,6.0,0.0,0.0,1.0
32.3988,6.0,0.0,0.0,1.0
32.4012,6.0,0.0,0.0,1.0
32.4987,6.0,0.0,0.0,1.0
32.5013,6.0,0.0,0.0,1.0
32.5988,6.0,0.0,0.0,1.0
32.6012,6.0,0.0,0.0,1.0
32.6987,6.0,0.0,0.0,1.0
32.7012,6.0,0.0,0.0,1.0
32.7987,6.0,0.0,0.0,1.0
32.8013,6.0,0.0,0.0,1.0
32.8988,6.0,0.0,0.0,1.0
32.9012,6.0,0.0,0.0,1.0
32.9987,6.0,0.0,0.0,1.0
33.0013,6.0,0.0,0.0,1.0
33.0988,6.0,0.0,0.0,1.0
33.1012,6.0,0.0,0.0,1.0
33.1987,6.0,0.0,0.0,1.0
33.2012,6.0,0.0,0.0,1.0
33.2987,6.0,0.0,0.0,1.0
33.3013,6.0,0.0,0.0,1.0
33.3988,6.0,0.0,0.0,1.0
33.4012,6.0,0.0,0.0,1.0
33.4987,6.0,0.0,0.0,1.0
33.5013,6.0,0.0,0.0,1.0
33.5988,6.0,0.0,0.0,1.0
33.6012,6.0,0.0,0.0,1.0
33.6987,6.0,0.0,0.0,1.0
33.7012,6.0,0.0,0.0,1.0
33.7987,6.0,0.0,0.0,1.0
33.8013,6.0,0.0,0.0,1.0
33.8988,6.0,0.0,0.0,1.0
33.9012,6.0,0.0,0.0,1.0
33.9987,6.0,0.0,0.0,1.0
34.0013,6.0,0.0,0.0,1.0
34.0988,6.0,0.0,0.0,1.0
34.1012,6.0,0.0,0.0,1.0
34.1987,6.0,0.0,0.0,1.0
34.2012,6.0,0.0,0.0,1.0
34.2987,6.0,0.0,0.0,1.0
34.3013,6.0,0.0,0.0,1.0
34.3988,6.0,0.0,0.0,1.0
34.4012,6.0,0.0,0.0,1.0
34.4987,6.0,0.0,0.0,1.0
34.5013,6.0,0.0,0.0,1.0
34.5988,6.0,0.0,0.0,1.0
34.6012,6.0,0.0,0.0,1.0
34.6987,6.0,0.0,0.0,1.0
34.7012,6.0,0.0,0.0,1.0
34.7987,6.0,0.0,0.0,1.0
34.8013,6.0,0.0,0.0,1.0
34.8988,6.0,0.0,0.0,1.0
34.9012,6.0,0.0,0.0,1.0
34.9987,6.0,0.0,0.0,1.0
35.0013,6.0,0.0,0.0,1.0
35.0988,6.0,0.0,0.0,1.0
35.1012,6.0,0.0,0.0,1.0
35.1987,6.0,0.0,0.0,1.0
35.2012,6.0,0.0,0.0,1.0
35.2987,6.0,0.0,0.0,1.0
35.3013,6.0,0.0,0.0,1.0
35.3988,6.0,0.0,0.0,1.0
35.4012,6.0,0.0,0.0,1.0
35.4987,6.0,0.0,0.0,1.0
35.5013,6.0,0.0,0.0,1.0
35.5988,6.0,0.0,0.0,1.0
35.6012,6.0,0.0,0.0,1.0
35.6987,6.0,0.0,0.0,1.0
35.7012,6.0,0.0,0.0,1.0
35.7987,6.0,0.0,0.0,1.0
35.8013,6.0,0.0,0.0,1.0
35.8988,6.0,0.0,0.0,1.0
35.9012,6.0,0.0,0.0,1.0
35.9987,6.0,0.0,0.0,1.0
36.0013,6.0,0.0,0.0,1.0
36.0988,6.0,0.0,0.0,1.0
36.1012,6.0,0.0,0.0,1.0
36.1987,6.0,0.0,0.0,1.0
36.2012,6.0,0.0,0.0,1.0
36.2987,6.0,0.0,0.0,1.0
36.3013,6.0,0.0,0.0,1.0
36.3988,6.0,0.0,0.0,1.0
36.4012,6.0,0.0,0.0,1.0
36.4987,6.0,0.0,0.0,1.0
36.5013,6.0,0.0,0.0,1.0
36.5988,6.0,0.0,0.0,1.0
36.6012,6.0,0.0,0.0,1.0
36.6987,6.0,0.0,0.0,1.0
36.7012,6.0,0.0,0.0,1.0
36.7987,6.0,0.0,0.0,1.0
36.8013,6.0,0.0,0.0,1.0
36.8988,6.0,0.0,0.0,1.0
36.9012,6.0,0.0,0.0,1.0
36.9987,6.0,0.0,0.0,1.0
37.0013,6.0,0.0,0.0,1.0
37.0988,6.0,0.0,0.0,1.0
37.1012,6.0,0.0,0.0,1.0
37.1987,6.0,0.0,0.0,1.0
37.2012,6.0,0.0,0.0,1.0
37.2987,6.0,0.0,0.0,1.0
37.3013,6.0,0.0,0.0,1.0
37.3988,6.0,0.0,0.0,1.0
37.4012,6.0,0.0,0.0,1.0
37.4987,6.0,0.0,0.0,1.0
37.5013,6.0,0.0,0.0,1.0
37.5988,6.0,0.0,0.0,1.0
37.6012,6.0,0.0,0.0,1.0
37.6987,6.0,0.0,0.0,1.0
37.7012,6.0,0.0,0.0,1.0
37.7987,6.0,0.0,0.0,1.0
37.8013,6.0,0.0,0.0,1.0
37.8988,6.0,0.0,0.0,1.0
37.9012,6.0,0.0,0.0,1.0
37.9987,6.0,0.0,0.0,1.0
38.0013,6.0,0.0,0.0,1.0
38.0988,6.0,0.0,0.0,1.0
38.1012,6.0,0.0,0.0,1.0
38.1987,6.0,0.0,0.0,1.0
38.2012,6.0,0.0,0.0,1.0
38.2987,6.0,0.0,0.0,1.0
38.3013,6.0,0.0,0.0,1.0
38.3988,6.0,0.0,0.0,1.0
38.4012,6.0,0.0,0.0,1.0
38.4987,6.0,0.0,0.0,1.0
38.5013,6.0,0.0,0.0,1.0
38.5988,6.0,0.0,0.0,1.0
38.6012,6.0,0.0,0.0,1.0
38.6987,6.0,0.0,0.0,1.0
38.7012,6.0,0.0,0.0,1.0
38.7987,6.0,0.0,0.0,1.0
38.8013,6.0,0.0,0.0,1.0
38.8988,6.0,0.0,0.0,1.0
38.9012,6.0,0.0,0.0,1.0
38.9987,6.0,0.0,0.0,1.0
39.0013,6.0,0.0,0.0,1.0
39.0988,6.0,0.0,0.0,1.0
39.1012,6.0,0.0,0.0,1.0
39.1987,6.0,0.0,0.0,1.0
39.2012,6.0,0.0,0.0,1.0
39.2987,6.0,0.0,0.0,1.0
39.3013,6.0,0.0,0.0,1.0
39.3988,6.0,0.0,0.0,1.0
39.4012,6.0,0.0,0.0,1.0
39.4987,6.0,0.0,0.0,1.0
39.5013,6.0,0.0,0.0,1.0
39.5988,6.0,0.0,0.0,1.0
39.6012,6.0,0.0,0.0,1.0
39.6987,6.0,0.0,0.0,1.0
39.7012,6.0,0.0,0.0,1.0
39.7987,6.0,0.0,0.0,1.0
39.8013,6.0,0.0,0.0,1.0
39.8988,6.0,0.0,0.0,1.0
39.9012,6.0,0.0,0.0,1.0
39.9987,6.0,0.0,0.0,1.0
40.0013,6.0,0.0,0.0,1.0
40.0988,6.0,0.0,0.0,1.0
40.1012,6.0,0.0,0.0,1.0
40.1987,6.0,0.0,0.0,1.0
40.2012,6.0,0.0,0.0,1.0
40.2987,6.0,0.0,0.0,1.0
40.3013,6.0,0.0,0.0,1.0
40.3988,6.0,0.0,0.0,1.0
40.4012,6.0,0.0,0.0,1.0
40.4987,6.0,0.0,0.0,1.0
40.5013,6.0,0.0,0.0,1.0
40.5988,6.0,0.0,0.0,1.0
40.6012,6.0,0.0,0.0,1.0
40.6987,6.0,0.0,0.0,1.0
40.7012,6.0,0.0,0.0,1.0
40.7987,6.0,0.0,0.0,1.0
40.8013,6.0,0.0,0.0,1.0
40.8988,6.0,0.0,0.0,1.0
40.9012,6.0,0.0,0.0,1.0
40.9987,6.0,0.0,0.0,1.0
41.0013,6.0,0.0,0.0,1.0
41.0988,6.0,0.0,0.0,1.0
41.1012,6.0,0.0,0.0,1.0
41.1987,6.0,0.0,0.0,1.0
41.2012,6.0,0.0,0.0,1.0
41.2987,6.0,0.0,0.0,1.0
41.3013,6.0,0.0,0.0,1.0
41.3988,6.0,0.0,0.0,1.0
41.4012,6.0,0.0,0.0,1.0
41.4987,6.0,0.0,0.0,1.0
41.5013,6.0,0.0,0.0,1.0
41.5988,6.0,0.0,0.0,1.0
41.6012,6.0,0.0,0.0,1.0
41.6987,6.0,0.0,0.0,1.0
41.7012,6.0,0.0,0.0,1.0
41.7987,6.0,0.0,0.0,1.0
41.8013,6.0,0.0,0.0,1.0
41.8988,6.0,0.0,0.0,1.0
41.9012,6.0,0.0,0.0,1.0
41.9987,6.0,0.0,0.0,1.0
42.0013,6.0,0.0,0.0,1.0
42.0988,6.0,0.0,0.0,1.0
42.1012,6.0,0.0,0.0,1.0
42.1987,6.0,0.0,0.0,1.0
42.2012,6.0,0.0,0.0,1.0
42.2987,6.0,0.0,0.0,1.0
42.3013,6.0,0.0,0.0,1.0
42.3988,6.0,0.0,0.0,1.0
42.4012,6.0,0.0,0.0,1.0
42.4987,6.0,0.0,0.0,1.0
42.5013,6.0,0.0,0.0,1.0
42.5988,6.0,0.0,0.0,1.0
42.6012,6.0,0.0,0.0,1.0
42.6987,6.0,0.0,0.0,1.0
42.7012,6.0,0.0,0.0,1.0
42.7987,6.0,0.0,0.0,1.0
42.8013,6.0,0.0,0.0,1.0
42.8988,6.0,0.0,0.0,1.0
42.9012,6.0,0.0,0.0,1.0
42.9987,6.0,0.0,0.0,1.0
43.0013,6.0,0.0,0.0,1.0
43.0988,6.0,0.0,0.0,1.0
43.1012,6.0,0.0,0.0,1.0
43.1987,6.0,0.0,0.0,1.0
43.2012,6.0,0.0,0.0,1.0
43.2987,6.0,0.0,0.0,1.0
43.3013,6.0,0.0,0.0,1.0
43.3988,6.0,0.0,0.0,1.0
43.4012,6.0,0.0,0.0,1.0
43.4987,6.0,0.0,0.0,1.0
43.5013,6.0,0.0,0.0,1.0
43.5988,6.0,0.0,0.0,1.0
43.6012,6.0,0.0,0.0,1.0
43.6987,6.0,0.0,0.0,1.0
43.7012,6.0,0.0,0.0,1.0
43.7987,6.0,0.0,0.0,1.0
43.8013,6.0,0.0,0.0,1.0
43.8988,6.0,0.0,0.0,1.0
43.9012,6.0,0.0,0.0,1.0
43.9987,6.0,0.0,0.0,1.0
44.0013,6.0,0.0,0.0,1.0
44.0988,6.0,0.0,0.0,1.0
44.1012,6.0,0.0,0.0,1.0
44.1987,6.0,0.0,0.0,1.0
44.2012,6.0,0.0,0.0,1.0
44.2987,6.0,0.0,0.0,1.0
44.3013,6.0,0.0,0.0,1.0
44.3988,6.0,0.0,0.0,1.0
44.4012,6.0,0.0,0.0,1.0
44.4987,6.0,0.0,0.0,1.0
44.5013,6.0,0.0,0.0,1.0
44.5988,6.0,0.0,0.0,1.0
44.6012,6.0,0.0,0.0,1.0
44.6987,6.0,0.0,0.0,1.0
44.7012,6.0,0.0,0.0,1.0
44.7987,6.0,0.0,0.0,1.0
44.8013,6.0,0.0,0.0,1.0
44.8988,6.0,0.0,0.0,1.0
44.9012,6.0,0.0,0.0,1.0
44.9987,6.0,0.0,0.0,1.0
45.0013,6.0,0.0,0.0,1.0
45.0988,6.0,0.0,0.0,1.0
45.1012,6.0,0.0,0.0,1.0
45.1987,6.0,0.0,0.0,1.0
45.2012,6.0,0.0,0.0,1.0
45.2987,6.0,0.0,0.0,1.0
45.3013,6.0,0.0,0.0,1.0
45.3988,6.0,0.0,0.0,1.0
45.4012,6.0,0.0,0.0,1.0
45.4987,6.0,0.0,0.0,1.0
45.5013,6.0,0.0,0.0,1.0
45.5988,6.0,0.0,0.0,1.0
45.6012,6.0,0.0,0.0,1.0
45.6987,6.0,0.0,0.0,1.0
45.7012,6.0,0.0,0.0,1.0
45.7987,6.0,0.0,0.0,1.0
45.8013,6.0,0.0,0.0,1.0
45.8988,6.0,0.0,0.0,1.0
45.9012,6.0,0.0,0.0,1.0
45.9987,6.0,0.0,0.0,1.0
46.0013,6.0,0.0,0.0,1.0
46.0988,6.0,0.0,0.0,1.0
46.1012,6.0,0.0,0.0,1.0
46.1987,6.0,0.0,0.0,1.0
46.2012,6.0,0.0,0.0,1.0
46.2987,6.0,0.0,0.0,1.0
46.3013,6.0,0.0,0.0,1.0
46.3988,6.0,0.0,0.0,1.0
46.4012,6.0,0.0,0.0,1.0
46.4987,6.0,0.0,0.0,1.0
46.5013,6.0,0.0,0.0,1.0
46.5988,6.0,0.0,0.0,1.0
46.6012,6.0,0.0,0.0,1.0
46.6987,6.0,0.0,0.0,1.0
46.7012,6.0,0.0,0.0,1.0
46.7987,6.0,0.0,0.0,1.0
46.8013,6.0,0.0,0.0,1.0
46.8988,6.0,0.0,0.0,1.0
46.9012,6.0,0.0,0.0,1.0
46.9987,6.0,0.0,0.0,1.0
47.0013,6.0,0.0,0.0,1.0
47.0988,6.0,0.0,0.0,1.0
47.1012,6.0,0.0,0.0,1.0
47.1987,6.0,0.0,0.0,1.0
47.2012,6.0,0.0,0.0,1.0
47.2987,6.0,0.0,0.0,1.0
47.3013,6.0,0.0,0.0,1.0
47.3988,6.0,0.0,0.0,1.0
47.4012,6.0,0.0,0.0,1.0
47.4987,6.0,0.0,0.0,1.0
47.5013,6.0,0.0,0.0,1.0
47.5988,6.0,0.0,0.0,1.0
47.6012,6.0,0.0,0.0,1.0
47.6987,6.0,0.0,0.0,1.0
47.7012,6.0,0.0,0.0,1.0
47.7987,6.0,0.0,0.0,1.0
47.8013,6.0,0.0,0.0,1.0
47.8988,6.0,0.0,0.0,1.0
47.9012,6.0,0.0,0.0,1.0
47.9987,6.0,0.0,0.0,1.0
48.0013,6.0,0.0,0.0,1.0
48.0988,6.0,0.0,0.0,1.0
48.1012,6.0,0.0,0.0,1.0
48.1987,6.0,0.0,0.0,1.0
48.2012,6.0,0.0,0.0,1.0
48.2987,6.0,0.0,0.0,1.0
48.3013,6.0,0.0,0.0,1.0
48.3988,6.0,0.0,0.0,1.0
48.4012,6.0,0.0,0.0,1.0
48.4987,6.0,0.0,0.0,1.0
48.5013,6.0,0.0,0.0,1.0
48.5988,6.0,0.0,0.0,1.0
48.6012,6.0,0.0,0.0,1.0
48.6987,6.0,0.0,0.0,1.0
48.7012,6.0,0.0,0.0,1.0
48.7987,6.0,0.0,0.0,1.0
48.8013,6.0,0.0,0.0,1.0
48.8988,6.0,0.0,0.0,1.0
48.9012,6.0,0.0,0.0,1.0
48.9987,6.0,0.0,0.0,1.0
49.0013,6.0,0.0,0.0,1.0
49.0988,6.0,0.0,0.0,1.0
49.1012,6.0,0.0,0.0,1.0
49.1987,6.0,0.0,0.0,1.0
49.2012,6.0,0.0,0.0,1.0
49.2987,6.0,0.0,0.0,1.0
49.3013,6.0,0.0,0.0,1.0
49.3988,6.0,0.0,0.0,1.0
49.4012,6.0,0.0,0.0,1.0
49.4987,6.0,0.0,0.0,1.0
49.5013,6.0,0.0,0.0,1.0
49.5988,6.0,0.0,0.0,1.0
49.6012,6.0,0.0,0.0,1.0
49.6987,6.0,0.0,0.0,1.0
49.7012,6.0,0.0,0.0,1.0
49.7987,6.0,0.0,0.0,1.0
49.8013,6.0,0.0,0.0,1.0
49.8988,6.0,0.0,0.0,1.0
49.9012,6.0,0.0,0.0,1.0
49.9987,6.0,0.0,0.0,1.0
50.0013,6.0,0.0,0.0,1.0
50.0988,6.0,0.0,0.0,1.0
50.1012,6.0,0.0,0.0,1.0
50.1987,6.0,0.0,0.0,1.0
50.2012,6.0,0.0,0.0,1.0
50.2987,6.0,0.0,0.0,1.0
50.3013,6.0,0.0,0.0,1.0
50.3988,6.0,0.0,0.0,1.0
50.4012,6.0,0.0,0.0,1.0
50.4987,6.0,0.0,0.0,1.0
50.5013,6.0,0.0,0.0,1.0
50.5988,6.0,0.0,0.0,1.0
50.6012,6.0,0.0,0.0,1.0
50.6987,6.0,0.0,0.0,1.0
50.7012,6.0,0.0,0.0,1.0
50.7987,6.0,0.0,0.0,1.0
50.8013,6.0,0.0,0.0,1.0
50.8988,6.0,0.0,0.0,1.0
50.9012,6.0,0.0,0.0,1.0
50.9987,6.0,0.0,0.0,1.0
51.0013,6.0,0.0,0.0,1.0
51.0988,6.0,0.0,0.0,1.0
51.1012,6.0,0.0,0.0,1.0
51.1987,6.0,0.0,0.0,1.0
51.2012,6.0,0.0,0.0,1.0
51.2987,6.0,0.0,0.0,1.0
51.3013,6.0,0.0,0.0,1.0
51.3988,6.0,0.0,0.0,1.0
51.4012,6.0,0.0,0.0,1.0
51.4987,6.0,0.0,0.0,1.0
51.5013,6.0,0.0,0.0,1.0
51.5988,6.0,0.0,0.0,1.0
51.6012,6.0,0.0,0.0,1.0
51.6987,6.0,0.0,0.0,1.0
51.7012,6.0,0.0,0.0,1.0
51.7987,6.0,0.0,0.0,1.0
51.8013,6.0,0.0,0.0,1.0
51.8988,6.0,0.0,0.0,1.0
51.9012,6.0,0.0,0.0,1.0
51.9987,6.0,0.0,0.0,1.0
52.0013,6.0,0.0,0.0,1.0
52.0988,6.0,0.0,0.0,1.0
52.1012,6.0,0.0,0.0,1.0
52.1987,6.0,0.0,0.0,1.0
52.2012,6.0,0.0,0.0,1.0
52.2987,6.0,0.0,0.0,1.0
52.3013,6.0,0.0,0.0,1.0
52.3988,6.0,0.0,0.0,1.0
52.4012,6.0,0.0,0.0,1.0
52.4987,6.0,0.0,0.0,1.0
52.5013,6.0,0.0,0.0,1.0
52.5988,6.0,0.0,0.0,1.0
52.6012,6.0,0.0,0.0,1.0
52.6987,6.0,0.0,0.0,1.0
52.7012,6.0,0.0,0.0,1.0
52.7987,6.0,0.0,0.0,1.0
52.8013,6.0,0.0,0.0,1.0
52.8988,6.0,0.0,0.0,1.0
52.9012,6.0,0.0,0.0,1.0
52.9987,6.0,0.0,0.0,1.0
53.0013,6.0,0.0,0.0,1.0
53.0988,6.0,0.0,0.0,1.0
53.1012,6.0,0.0,0.0,1.0
53.1987,6.0,0.0,0.0,1.0
53.2012,6.0,0.0,0.0,1.0
53.2987,6.0,0.0,0.0,1.0
53.3013,6.0,0.0,0.0,1.0
53.3988,6.0,0.0,0.0,1.0
53.4012,6.0,0.0,0.0,1.0
53.4987,6.0,0.0,0.0,1.0
53.5013,6.0,0.0,0.0,1.0
53.5988,6.0,0.0,0.0,1.0
53.6012,6.0,0.0,0.0,1.0
53.6987,6.0,0.0,0.0,1.0
53.7012,6.0,0.0,0.0,1.0
53.7987,6.0,0.0,0.0,1.0
53.8013,6.0,0.0,0.0,1.0
53.8988,6.0,0.0,0.0,1.0
53.9012,6.0,0.0,0.0,1.0
53.9987,6.0,0.0,0.0,1.0
54.0013,6.0,0.0,0.0,1.0
54.0988,6.0,0.0,0.0,1.0
54.1012,6.0,0.0,0.0,1.0
54.1987,6.0,0.0,0.0,1.0
54.2012,6.0,0.0,0.0,1.0
54.2987,6.0,0.0,0.0,1.0
54.3013,6.0,0.0,0.0,1.0
54.3988,6.0,0.0,0.0,1.0
54.4012,6.0,0.0,0.0,1.0
54.4987,6.0,0.0,0.0,1.0
54.5013,6.0,0.0,0.0,1.0
54.5988,6.0,0.0,0.0,1.0
54.6012,6.0,0.0,0.0,1.0
54.6987,6.0,0.0,0.0,1.0
54.7012,6.0,0.0,0.0,1.0
54.7987,6.0,0.0,0.0,1.0
54.8013,6.0,0.0,0.0,1.0
54.8988,6.0,0.0,0.0,1.0
54.9012,6.0,0.0,0.0,1.0
54.9987,6.0,0.0,0.0,1.0
55.0013,6.0,0.0,0.0,1.0
55.0988,6.0,0.0,0.0,1.0
55.1012,6.0,0.0,0.0,1.0
55.1987,6.0,0.0,0.0,1.0
55.2012,6.0,0.0,0.0,1.0
55.2987,6.0,0.0,0.0,1.0
55.3013,6.0,0.0,0.0,1.0
55.3988,6.0,0.0,0.0,1.0
55.4012,6.0,0.0,0.0,1.0
55.4987,6.0,0.0,0.0,1.0
55.5013,6.0,0.0,0.0,1.0
55.5988,6.0,0.0,0.0,1.0
55.6012,6.0,0.0,0.0,1.0
55.6987,6.0,0.0,0.0,1.0
55.7012,6.0,0.0,0.0,1.0
55.7987,6.0,0.0,0.0,1.0
55.8013,6.0,0.0,0.0,1.0
55.8988,6.0,0.0,0.0,1.0
55.9012,6.0,0.0,0.0,1.0
55.9987,6.0,0.0,0.0,1.0
56.0013,6.0,0.0,0.0,1.0
56.0988,6.0,0.0,0.0,1.0
56.1012,6.0,0.0,0.0,1.0
56.1987,6.0,0.0,0.0,1.0
56.2012,6.0,0.0,0.0,1.0
56.2987,6.0,0.0,0.0,1.0
56.3013,6.0,0.0,0.0,1.0
56.3988,6.0,0.0,0.0,1.0
56.4012,6.0,0.0,0.0,1.0
56.4987,6.0,0.0,0.0,1.0
56.5013,6.0,0.0,0.0,1.0
56.5988,6.0,0.0,0.0,1.0
56.6012,6.0,0.0,0.0,1.0
56.6987,6.0,0.0,0.0,1.0
56.7012,6.0,0.0,0.0,1.0
56.7987,6.0,0.0,0.0,1.0
56.8013,6.0,0.0,0.0,1.0
56.8988,6.0,0.0,0.0,1.0
56.9012,6.0,0.0,0.0,1.0
56.9987,6.0,0.0,0.0,1.0
57.0013,6.0,0.0,0.0,1.0
57.0988,6.0,0.0,0.0,1.0
57.1012,6.0,0.0,0.0,1.0
57.1987,6.0,0.0,0.0,1.0
57.2012,6.0,0.0,0.0,1.0
57.2987,6.0,0.0,0.0,1.0
57.3013,6.0,0.0,0.0,1.0
57.3988,6.0,0.0,0.0,1.0
57.4012,6.0,0.0,0.0,1.0
57.4987,6.0,0.0,0.0,1.0
57.5013,6.0,0.0,0.0,1.0
57.5988,6.0,0.0,0.0,1.0
57.6012,6.0,0.0,0.0,1.0
57.6987,6.0,0.0,0.0,1.0
57.7012,6.0,0.0,0.0,1.0
57.7987,6.0,0.0,0.0,1.0
57.8013,6.0,0.0,0.0,1.0
57.8988,6.0,0.0,0.0,1.0
57.9012,6.0,0.0,0.0,1.0
57.9987,6.0,0.0,0.0,1.0
58.0013,6.0,0.0,0.0,1.0
58.0988,6.0,0.0,0.0,1.0
58.1012,6.0,0.0,0.0,1.0
58.1987,6.0,0.0,0.0,1.0
58.2012,6.0,0.0,0.0,1.0
58.2987,6.0,0.0,0.0,1.0
58.3013,6.0,0.0,0.0,1.0
58.3988,6.0,0.0,0.0,1.0
58.4012,6.0,0.0,0.0,1.0
58.4987,6.0,0.0,0.0,1.0
58.5013,6.0,0.0,0.0,1.0
58.5988,6.0,0.0,0.0,1.0
58.6012,6.0,0.0,0.0,1.0
58.6987,6.0,0.0,0.0,1.0
58.7012,6.0,0.0,0.0,1.0
58.7987,6.0,0.0,0.0,1.0
58.8013,6.0,0.0,0.0,1.0
58.8988,6.0,0.0,0.0,1.0
58.9012,6.0,0.0,0.0,1.0
58.9987,6.0,0.0,0.0,1.0
59.0013,6.0,0.0,0.0,1.0
59.0988,6.0,0.0,0.0,1.0
59.1012,6.0,0.0,0.0,1.0
59.1987,6.0,0.0,0.0,1.0
59.2012,6.0,0.0,0.0,1.0
59.2987,6.0,0.0,0.0,1.0
59.3013,6.0,0.0,0.0,1.0
59.3988,6.0,0.0,0.0,1.0
59.4012,6.0,0.0,0.0,1.0
59.4987,6.0,0.0,0.0,1.0
59.5013,6.0,0.0,0.0,1.0
59.5988,6.0,0.0,0.0,1.0
59.6012,6.0,0.0,0.0,1.0
59.6987,6.0,0.0,0.0,1.0
59.7012,6.0,0.0,0.0,1.0
59.7987,6.0,0.0,0.0,1.0
59.8013,6.0,0.0,0.0,1.0
59.8988,6.0,0.0,0.0,1.0
59.9012,6.0,0.0,0.0,1.0
59.9987,6.0,0.0,0.0,1.0
60.0013,6.0,0.0,0.0,1.0
60.0988,6.0,0.0,0.0,1.0
60.1012,6.0,0.0,0.0,1.0
60.1987,6.0,0.0,0.0,1.0
60.2012,6.0,0.0,0.0,1.0
60.2987,6.0,0.0,0.0,1.0
60.3013,6.0,0.0,0.0,1.0
60.3988,6.0,0.0,0.0,1.0
60.4012,6.0,0.0,0.0,1.0
60.4987,6.0,0.0,0.0,1.0
60.5013,6.0,0.0,0.0,1.0
60.5988,6.0,0.0,0.0,1.0
60.6012,6.0,0.0,0.0,1.0
60.6987,6.0,0.0,0.0,1.0
60.7012,6.0,0.0,0.0,1.0
60.7987,6.0,0.0,0.0,1.0
60.8013,6.0,0.0,0.0,1.0
60.8988,6.0,0.0,0.0,1.0
60.9012,6.0,0.0,0.0,1.0
60.9987,6.0,0.0,0.0,1.0
61.0013,6.0,0.0,0.0,1.0
61.0988,6.0,0.0,0.0,1.0
61.1012,6.0,0.0,0.0,1.0
61.1987,6.0,0.0,0.0,1.0
61.2012,6.0,0.0,0.0,1.0
61.2987,6.0,0.0,0.0,1.0
61.3013,6.0,0.0,0.0,1.0
61.3988,6.0,0.0,0.0,1.0
61.4012,6.0,0.0,0.0,1.0
61.4987,6.0,0.0,0.0,1.0
61.5013,6.0,0.0,0.0,1.0
61.5988,6.0,0.0,0.0,1.0
61.6012,6.0,0.0,0.0,1.0
61.6987,6.0,0.0,0.0,1.0
61.7012,6.0,0.0,0.0,1.0
61.7987,6.0,0.0,0.0,1.0
61.8013,6.0,0.0,0.0,1.0
61.8988,6.0,0.0,0.0,1.0
61.9012,6.0,0.0,0.0,1.0
61.9987,6.0,0.0,0.0,1.0
62.0013,6.0,0.0,0.0,1.0
62.0988,6.0,0.0,0.0,1.0
62.1012,6.0,0.0,0.0,1.0
62.1987,6.0,0.0,0.0,1.0
62.2012,6.0,0.0,0.0,1.0
62.2987,6.0,0.0,0.0,1.0
62.3013,6.0,0.0,0.0,1.0
62.3988,6.0,0.0,0.0,1.0
62.4012,6.0,0.0,0.0,1.0
62.4987,6.0,0.0,0.0,1.0
62.5013,6.0,0.0,0.0,1.0
62.5988,6.0,0.0,0.0,1.0
62.6012,6.0,0.0,0.0,1.0
62.6987,6.0,0.0,0.0,1.0
62.7012,6.0,0.0,0.0,1.0
62.7987,6.0,0.0,0.0,1.0
62.8013,6.0,0.0,0.0,1.0
62.8988,6.0,0.0,0.0,1.0
62.9012,6.0,0.0,0.0,1.0
62.9987,6.0,0.0,0.0,1.0
63.0013,6.0,0.0,0.0,1.0
63.0988,6.0,0.0,0.0,1.0
63.1012,6.0,0.0,0.0,1.0
63.1987,6.0,0.0,0.0,1.0
63.2012,6.0,0.0,0.0,1.0
63.2987,6.0,0.0,0.0,1.0
63.3013,6.0,0.0,0.0,1.0
63.3988,6.0,0.0,0.0,1.0
63.4012,6.0,0.0,0.0,1.0
63.4987,6.0,0.0,0.0,1.0
63.5013,6.0,0.0,0.0,1.0
63.5988,6.0,0.0,0.0,1.0
63.6012,6.0,0.0,0.0,1.0
63.6987,6.0,0.0,0.0,1.0
63.7012,6.0,0.0,0.0,1.0
63.7987,6.0,0.0,0.0,1.0
63.8013,6.0,0.0,0.0,1.0
63.8988,6.0,0.0,0.0,1.0
63.9012,6.0,0.0,0.0,1.0
63.9987,6.0,0.0,0.0,1.0
64.0013,6.0,0.0,0.0,1.0
64.0987,6.0,0.0,0.0,1.0
64.1012,6.0,0.0,0.0,1.0
64.1988,6.0,0.0,0.0,1.0
64.2012,6.0,0.0,0.0,1.0
64.2988,6.0,0.0,0.0,1.0
64.3012,6.0,0.0,0.0,1.0
64.3988,6.0,0.0,0.0,1.0
64.4013,6.0,0.0,0.0,1.0
64.4987,6.0,0.0,0.0,1.0
64.5013,6.0,0.0,0.0,1.0
64.5987,6.0,0.0,0.0,1.0
64.6012,6.0,0.0,0.0,1.0
64.6988,6.0,0.0,0.0,1.0
64.7012,6.0,0.0,0.0,1.0
64.7988,6.0,0.0,0.0,1.0
64.8012,6.0,0.0,0.0,1.0
64.8988,6.0,0.0,0.0,1.0
64.9013,6.0,0.0,0.0,1.0
64.9987,6.0,0.0,0.0,1.0
65.0013,6.0,0.0,0.0,1.0
65.0987,6.0,0.0,0.0,1.0
65.1012,6.0,0.0,0.0,1.0
65.1988,6.0,0.0,0.0,1.0
65.2012,6.0,0.0,0.0,1.0
65.2988,6.0,0.0,0.0,1.0
65.3012,6.0,0.0,0.0,1.0
65.3988,6.0,0.0,0.0,1.0
65.4013,6.0,0.0,0.0,1.0
65.4987,6.0,0.0,0.0,1.0
65.5013,6.0,0.0,0.0,1.0
65.5987,6.0,0.0,0.0,1.0
65.6012,6.0,0.0,0.0,1.0
65.6988,6.0,0.0,0.0,1.0
65.7012,6.0,0.0,0.0,1.0
65.7988,6.0,0.0,0.0,1.0
65.8012,6.0,0.0,0.0,1.0
65.8988,6.0,0.0,0.0,1.0
65.9013,6.0,0.0,0.0,1.0
65.9987,6.0,0.0,0.0,1.0
66.0013,6.0,0.0,0.0,1.0
66.0987,6.0,0.0,0.0,1.0
66.1012,6.0,0.0,0.0,1.0
66.1988,6.0,0.0,0.0,1.0
66.2012,6.0,0.0,0.0,1.0
66.2988,6.0,0.0,0.0,1.0
66.3012,6.0,0.0,0.0,1.0
66.3988,6.0,0.0,0.0,1.0
66.4013,6.0,0.0,0.0,1.0
66.4987,6.0,0.0,0.0,1.0
66.5013,6.0,0.0,0.0,1.0
66.5987,6.0,0.0,0.0,1.0
66.6012,6.0,0.0,0.0,1.0
66.6988,6.0,0.0,0.0,1.0
66.7012,6.0,0.0,0.0,1.0
66.7988,6.0,0.0,0.0,1.0
66.8012,6.0,0.0,0.0,1.0
66.8988,6.0,0.0,0.0,1.0
66.9013,6.0,0.0,0.0,1.0
66.9987,6.0,0.0,0.0,1.0
67.0013,6.0,0.0,0.0,1.0
67.0987,6.0,0.0,0.0,1.0
67.1012,6.0,0.0,0.0,1.0
67.1988,6.0,0.0,0.0,1.0
67.2012,6.0,0.0,0.0,1.0
67.2988,6.0,0.0,0.0,1.0
67.3012,6.0,0.0,0.0,1.0
67.3988,6.0,0.0,0.0,1.0
67.4013,6.0,0.0,0.0,1.0
67.4987,6.0,0.0,0.0,1.0
67.5013,6.0,0.0,0.0,1.0
67.5987,6.0,0.0,0.0,1.0
67.6012,6.0,0.0,0.0,1.0
67.6988,6.0,0.0,0.0,1.0
67.7012,6.0,0.0,0.0,1.0
67.7988,6.0,0.0,0.0,1.0
67.8012,6.0,0.0,0.0,1.0
67.8988,6.0,0.0,0.0,1.0
67.9013,6.0,0.0,0.0,1.0
67.9987,6.0,0.0,0.0,1.0
68.0013,6.0,0.0,0.0,1.0
68.0987,6.0,0.0,0.0,1.0
68.1012,6.0,0.0,0.0,1.0
68.1988,6.0,0.0,0.0,1.0
68.2012,6.0,0.0,0.0,1.0
68.2988,6.0,0.0,0.0,1.0
68.3012,6.0,0.0,0.0,1.0
68.3988,6.0,0.0,0.0,1.0
68.4013,6.0,0.0,0.0,1.0
68.4987,6.0,0.0,0.0,1.0
68.5013,6.0,0.0,0.0,1.0
68.5987,6.0,0.0,0.0,1.0
68.6012,6.0,0.0,0.0,1.0
68.6988,6.0,0.0,0.0,1.0
68.7012,6.0,0.0,0.0,1.0
68.7988,6.0,0.0,0.0,1.0
68.8012,6.0,0.0,0.0,1.0
68.8988,6.0,0.0,0.0,1.0
68.9013,6.0,0.0,0.0,1.0
68.9987,6.0,0.0,0.0,1.0
69.0013,6.0,0.0,0.0,1.0
69.0987,6.0,0.0,0.0,1.0
69.1012,6.0,0.0,0.0,1.0
69.1988,6.0,0.0,0.0,1.0
69.2012,6.0,0.0,0.0,1.0
69.2988,6.0,0.0,0.0,1.0
69.3012,6.0,0.0,0.0,1.0
69.3988,6.0,0.0,0.0,1.0
69.4013,6.0,0.0,0.0,1.0
69.4987,6.0,0.0,0.0,1.0
69.5013,6.0,0.0,0.0,1.0
69.5987,6.0,0.0,0.0,1.0
69.6012,6.0,0.0,0.0,1.0
69.6988,6.0,0.0,0.0,1.0
69.7012,6.0,0.0,0.0,1.0
69.7988,6.0,0.0,0.0,1.0
69.8012,6.0,0.0,0.0,1.0
69.8988,6.0,0.0,0.0,1.0
69.9013,6.0,0.0,0.0,1.0
69.9987,6.0,0.0,0.0,1.0
70.0013,6.0,0.0,0.0,1.0
70.0987,6.0,0.0,0.0,1.0
70.1012,6.0,0.0,0.0,1.0
70.1988,6.0,0.0,0.0,1.0
70.2012,6.0,0.0,0.0,1.0
70.2988,6.0,0.0,0.0,1.0
70.3012,6.0,0.0,0.0,1.0
70.3988,6.0,0.0,0.0,1.0
70.4013,6.0,0.0,0.0,1.0
70.4987,6.0,0.0,0.0,1.0
70.5013,6.0,0.0,0.0,1.0
70.5987,6.0,0.0,0.0,1.0
70.6012,6.0,0.0,0.0,1.0
70.6988,6.0,0.0,0.0,1.0
70.7012,6.0,0.0,0.0,1.0
70.7988,6.0,0.0,0.0,1.0
70.8012,6.0,0.0,0.0,1.0
70.8988,6.0,0.0,0.0,1.0
70.9013,6.0,0.0,0.0,1.0
70.9987,6.0,0.0,0.0,1.0
71.0013,6.0,0.0,0.0,1.0
71.0987,6.0,0.0,0.0,1.0
71.1012,6.0,0.0,0.0,1.0
71.1988,6.0,0.0,0.0,1.0
71.2012,6.0,0.0,0.0,1.0
71.2988,6.0,0.0,0.0,1.0
71.3012,6.0,0.0,0.0,1.0
71.3988,6.0,0.0,0.0,1.0
71.4013,6.0,0.0,0.0,1.0
71.4987,6.0,0.0,0.0,1.0
71.5013,6.0,0.0,0.0,1.0
71.5987,6.0,0.0,0.0,1.0
71.6012,6.0,0.0,0.0,1.0
71.6988,6.0,0.0,0.0,1.0
71.7012,6.0,0.0,0.0,1.0
71.7988,6.0,0.0,0.0,1.0
71.8012,6.0,0.0,0.0,1.0
71.8988,6.0,0.0,0.0,1.0
71.9013,6.0,0.0,0.0,1.0
71.9987,6.0,0.0,0.0,1.0
72.0013,6.0,0.0,0.0,1.0
72.0987,6.0,0.0,0.0,1.0
72.1012,6.0,0.0,0.0,1.0
72.1988,6.0,0.0,0.0,1.0
72.2012,6.0,0.0,0.0,1.0
72.2988,6.0,0.0,0.0,1.0
72.3012,6.0,0.0,0.0,1.0
72.3988,6.0,0.0,0.0,1.0
72.4013,6.0,0.0,0.0,1.0
72.4987,6.0,0.0,0.0,1.0
72.5013,6.0,0.0,0.0,1.0
72.5987,6.0,0.0,0.0,1.0
72.6012,6.0,0.0,0.0,1.0
72.6988,6.0,0.0,0.0,1.0
72.7012,6.0,0.0,0.0,1.0
72.7988,6.0,0.0,0.0,1.0
72.8012,6.0,0.0,0.0,1.0
72.8988,6.0,0.0,0.0,1.0
72.9013,6.0,0.0,0.0,1.0
72.9987,6.0,0.0,0.0,1.0
73.0013,6.0,0.0,0.0,1.0
73.0987,6.0,0.0,0.0,1.0
73.1012,6.0,0.0,0.0,1.0
73.1988,6.0,0.0,0.0,1.0
73.2012,6.0,0.0,0.0,1.0
73.2988,6.0,0.0,0.0,1.0
73.3012,6.0,0.0,0.0,1.0
73.3988,6.0,0.0,0.0,1.0
73.4013,6.0,0.0,0.0,1.0
73.4987,6.0,0.0,0.0,1.0
73.5013,6.0,0.0,0.0,1.0
73.5987,6.0,0.0,0.0,1.0
73.6012,6.0,0.0,0.0,1.0
73.6988,6.0,0.0,0.0,1.0
73.7012,6.0,0.0,0.0,1.0
73.7988,6.0,0.0,0.0,1.0
73.8012,6.0,0.0,0.0,1.0
73.8988,6.0,0.0,0.0,1.0
73.9013,6.0,0.0,0.0,1.0
73.9987,6.0,0.0,0.0,1.0
74.0013,6.0,0.0,0.0,1.0
74.0987,6.0,0.0,0.0,1.0
74.1012,6.0,0.0,0.0,1.0
74.1988,6.0,0.0,0.0,1.0
74.2012,6.0,0.0,0.0,1.0
74.2988,6.0,0.0,0.0,1.0
74.3012,6.0,0.0,0.0,1.0
74.3988,6.0,0.0,0.0,1.0
74.4013,6.0,0.0,0.0,1.0
74.4987,6.0,0.0,0.0,1.0
74.5013,6.0,0.0,0.0,1.0
74.5987,6.0,0.0,0.0,1.0
74.6012,6.0,0.0,0.0,1.0
74.6988,6.0,0.0,0.0,1.0
74.7012,6.0,0.0,0.0,1.0
74.7988,6.0,0.0,0.0,1.0
74.8012,6.0,0.0,0.0,1.0
74.8988,6.0,0.0,0.0,1.0
74.9013,6.0,0.0,0.0,1.0
74.9987,6.0,0.0,0.0,1.0
75.0013,6.0,0.0,0.0,1.0
75.0987,6.0,0.0,0.0,1.0
75.1012,6.0,0.0,0.0,1.0
75.1988,6.0,0.0,0.0,1.0
75.2012,6.0,0.0,0.0,1.0
75.2988,6.0,0.0,0.0,1.0
75.3012,6.0,0.0,0.0,1.0
75.3988,6.0,0.0,0.0,1.0
75.4013,6.0,0.0,0.0,1.0
75.4987,6.0,0.0,0.0,1.0
75.5013,6.0,0.0,0.0,1.0
75.5987,6.0,0.0,0.0,1.0
75.6012,6.0,0.0,0.0,1.0
75.6988,6.0,0.0,0.0,1.0
75.7012,6.0,0.0,0.0,1.0
75.7988,6.0,0.0,0.0,1.0
75.8012,6.0,0.0,0.0,1.0
75.8988,6.0,0.0,0.0,1.0
75.9013,6.0,0.0,0.0,1.0
75.9987,6.0,0.0,0.0,1.0
76.0013,6.0,0.0,0.0,1.0
76.0987,6.0,0.0,0.0,1.0
76.1012,6.0,0.0,0.0,1.0
76.1988,6.0,0.0,0.0,1.0
76.2012,6.0,0.0,0.0,1.0
76.2988,6.0,0.0,0.0,1.0
76.3012,6.0,0.0,0.0,1.0
76.3988,6.0,0.0,0.0,1.0
76.4013,6.0,0.0,0.0,1.0
76.4987,6.0,0.0,0.0,1.0
76.5013,6.0,0.0,0.0,1.0
76.5987,6.0,0.0,0.0,1.0
76.6012,6.0,0.0,0.0,1.0
76.6988,6.0,0.0,0.0,1.0
76.7012,6.0,0.0,0.0,1.0
76.7988,6.0,0.0,0.0,1.0
76.8012,6.0,0.0,0.0,1.0
76.8988,6.0,0.0,0.0,1.0
76.9013,6.0,0.0,0.0,1.0
76.9987,6.0,0.0,0.0,1.0
77.0013,6.0,0.0,0.0,1.0
77.0987,6.0,0.0,0.0,1.0
77.1012,6.0,0.0,0.0,1.0
77.1988,6.0,0.0,0.0,1.0
77.2012,6.0,0.0,0.0,1.0
77.2988,6.0,0.0,0.0,1.0
77.3012,6.0,0.0,0.0,1.0
77.3988,6.0,0.0,0.0,1.0
77.4013,6.0,0.0,0.0,1.0
77.4987,6.0,0.0,0.0,1.0
77.5013,6.0,0.0,0.0,1.0
77.5987,6.0,0.0,0.0,1.0
77.6012,6.0,0.0,0.0,1.0
77.6988,6.0,0.0,0.0,1.0
77.7012,6.0,0.0,0.0,1.0
77.7988,6.0,0.0,0.0,1.0
77.8012,6.0,0.0,0.0,1.0
77.8988,6.0,0.0,0.0,1.0
77.9013,6.0,0.0,0.0,1.0
77.9987,6.0,0.0,0.0,1.0
78.0013,6.0,0.0,0.0,1.0
78.0987,6.0,0.0,0.0,1.0
78.1012,6.0,0.0,0.0,1.0
78.1988,6.0,0.0,0.0,1.0
78.2012,6.0,0.0,0.0,1.0
78.2988,6.0,0.0,0.0,1.0
78.3012,6.0,0.0,0.0,1.0
78.3988,6.0,0.0,0.0,1.0
78.4013,6.0,0.0,0.0,1.0
78.4987,6.0,0.0,0.0,1.0
78.5013,6.0,0.0,0.0,1.0
78.5987,6.0,0.0,0.0,1.0
78.6012,6.0,0.0,0.0,1.0
78.6988,6.0,0.0,0.0,1.0
78.7012,6.0,0.0,0.0,1.0
78.7988,6.0,0.0,0.0,1.0
78.8012,6.0,0.0,0.0,1.0
78.8988,6.0,0.0,0.0,1.0
78.9013,6.0,0.0,0.0,1.0
78.9987,6.0,0.0,0.0,1.0
79.0013,6.0,0.0,0.0,1.0
79.0987,6.0,0.0,0.0,1.0
79.1012,6.0,0.0,0.0,1.0
79.1988,6.0,0.0,0.0,1.0
79.2012,6.0,0.0,0.0,1.0
79.2988,6.0,0.0,0.0,1.0
79.3012,6.0,0.0,0.0,1.0
79.3988,6.0,0.0,0.0,1.0
79.4013,6.0,0.0,0.0,1.0
79.4987,6.0,0.0,0.0,1.0
79.5013,6.0,0.0,0.0,1.0
79.5987,6.0,0.0,0.0,1.0
79.6012,6.0,0.0,0.0,1.0
79.6988,6.0,0.0,0.0,1.0
79.7012,6.0,0.0,0.0,1.0
79.7988,6.0,0.0,0.0,1.0
79.8012,6.0,0.0,0.0,1.0
79.8988,6.0,0.0,0.0,1.0
79.9013,6.0,0.0,0.0,1.0
79.9987,6.0,0.0,0.0,1.0
80.0013,6.0,0.0,0.0,1.0
80.0987,6.0,0.0,0.0,1.0
80.1012,6.0,0.0,0.0,1.0
80.1988,6.0,0.0,0.0,1.0
80.2012,6.0,0.0,0.0,1.0
80.2988,6.0,0.0,0.0,1.0
80.3012,6.0,0.0,0.0,1.0
80.3988,6.0,0.0,0.0,1.0
80.4013,6.0,0.0,0.0,1.0
80.4987,6.0,0.0,0.0,1.0
80.5013,6.0,0.0,0.0,1.0
80.5987,6.0,0.0,0.0,1.0
80.6012,6.0,0.0,0.0,1.0
80.6988,6.0,0.0,0.0,1.0
80.7012,6.0,0.0,0.0,1.0
80.7988,6.0,0.0,0.0,1.0
80.8012,6.0,0.0,0.0,1.0
80.8988,6.0,0.0,0.0,1.0
80.9013,6.0,0.0,0.0,1.0
80.9987,6.0,0.0,0.0,1.0
81.0013,6.0,0.0,0.0,1.0
81.0987,6.0,0.0,0.0,1.0
81.1012,6.0,0.0,0.0,1.0
81.1988,6.0,0.0,0.0,1.0
81.2012,6.0,0.0,0.0,1.0
81.2988,6.0,0.0,0.0,1.0
81.3012,6.0,0.0,0.0,1.0
81.3988,6.0,0.0,0.0,1.0
81.4013,6.0,0.0,0.0,1.0
81.4987,6.0,0.0,0.0,1.0
81.5013,6.0,0.0,0.0,1.0
81.5987,6.0,0.0,0.0,1.0
81.6012,6.0,0.0,0.0,1.0
81.6988,6.0,0.0,0.0,1.0
81.7012,6.0,0.0,0.0,1.0
81.7988,6.0,0.0,0.0,1.0
81.8012,6.0,0.0,0.0,1.0
81.8988,6.0,0.0,0.0,1.0
81.9013,6.0,0.0,0.0,1.0
81.9987,6.0,0.0,0.0,1.0
82.0013,6.0,0.0,0.0,1.0
82.0987,6.0,0.0,0.0,1.0
82.1012,6.0,1.0,0.0,1.0
82.1988,6.0,1.0,0.0,1.0
82.2012,6.0,1.0,0.0,1.0
82.2988,6.0,1.0,0.0,1.0
82.3012,6.0,1.0,0.0,1.0
82.3988,6.0,1.0,0.0,1.0
82.4013,6.0,1.0,0.0,1.0
82.4987,6.0,1.0,0.0,1.0
82.5013,6.0,1.0,0.0,1.0
82.5987,6.0,1.0,0.0,1.0
82.6012,6.0,1.0,0.0,1.0
82.6988,6.0,1.0,0.0,1.0
82.7012,6.0,1.0,0.0,1.0
82.7988,6.0,1.0,0.0,1.0
82.8012,6.0,1.0,0.0,1.0
82.8988,6.0,1.0,0.0,1.0
82.9013,6.0,1.0,0.0,1.0
82.9987,6.0,1.0,0.0,1.0
83.0013,6.0,1.0,0.0,1.0
83.0987,6.0,1.0,0.0,1.0
83.1012,6.0,1.0,0.0,1.0
83.1988,6.0,1.0,0.0,1.0
83.2012,6.0,1.0,0.0,1.0
83.2988,6.0,1.0,0.0,1.0
83.3012,6.0,1.0,0.0,1.0
83.3988,6.0,1.0,0.0,1.0
83.4013,6.0,1.0,0.0,1.0
83.4987,6.0,1.0,0.0,1.0
83.5013,6.0,1.0,0.0,1.0
83.5987,6.0,1.0,0.0,1.0
83.6012,6.0,1.0,0.0,1.0
83.6988,6.0,1.0,0.0,1.0
83.7012,6.0,1.0,0.0,1.0
83.7988,6.0,1.0,0.0,1.0
83.8012,6.0,1.0,0.0,1.0
83.8988,6.0,1.0,0.0,1.0
83.9013,6.0,1.0,0.0,1.0
83.9987,6.0,1.0,0.0,1.0
84.0013,6.0,1.0,0.0,0.0
84.0987,6.0,1.0,0.0,0.0
84.1012,6.0,1.0,0.0,0.0
84.1988,6.0,1.0,0.0,0.0
84.2012,6.0,1.0,0.0,0.0
84.2988,6.0,1.0,0.0,0.0
84.3012,6.0,1.0,0.0,0.0
84.3988,6.0,1.0,0.0,0.0
84.4013,6.0,1.0,0.0,0.0
84.4987,6.0,1.0,0.0,0.0
84.5013,6.0,1.0,0.0,0.0
84.5987,6.0,1.0,0.0,0.0
84.6012,6.0,1.0,0.0,0.0
84.6988,6.0,1.0,0.0,0.0
84.7012,6.0,1.0,0.0,0.0
84.7988,6.0,1.0,0.0,0.0
84.8012,6.0,1.0,0.0,0.0
84.8988,6.0,1.0,0.0,0.0
84.9013,6.0,1.0,0.0,0.0
84.9987,6.0,1.0,0.0,0.0
85.0013,6.0,1.0,1.0,0.0
85.0987,6.0,1.0,1.0,0.0
85.1012,6.0,1.0,1.0,0.0
85.1988,6.0,1.0,1.0,0.0
85.2012,6.0,1.0,1.0,0.0
85.2988,6.0,1.0,1.0,0.0
85.3012,6.0,1.0,1.0,0.0
85.3988,6.0,1.0,1.0,0.0
85.4013,6.0,1.0,1.0,0.0
85.4987,6.0,1.0,1.0,0.0
85.5013,6.0,1.0,1.0,0.0
85.5987,6.0,1.0,1.0,0.0
85.6012,6.0,1.0,1.0,0.0
85.6988,6.0,1.0,1.0,0.0
85.7012,6.0,1.0,1.0,0.0
85.7988,6.0,1.0,1.0,0.0
85.8012,6.0,1.0,1.0,0.0
85.8988,6.0,1.0,1.0,0.0
85.9013,6.0,1.0,1.0,0.0
85.9987,6.0,1.0,1.0,0.0
86.0013,6.0,1.0,1.0,0.0
86.0987,6.0,1.0,1.0,0.0
86.1012,6.0,1.0,1.0,0.0
86.1988,6.0,1.0,1.0,0.0
86.2012,6.0,1.0,1.0,0.0
86.2988,6.0,1.0,1.0,0.0
86.3012,6.0,1.0,1.0,0.0
86.3988,6.0,1.0,1.0,0.0
86.4013,6.0,1.0,1.0,0.0
86.4987,6.0,1.0,1.0,0.0
86.5013,6.0,1.0,1.0,0.0
86.5987,6.0,1.0,1.0,0.0
86.6012,6.0,1.0,1.0,0.0
86.6988,6.0,1.0,1.0,0.0
86.7012,6.0,1.0,1.0,0.0
86.7988,6.0,1.0,1.0,0.0
86.8012,6.0,1.0,1.0,0.0
86.8988,6.0,1.0,1.0,0.0
86.9013,6.0,0.0,1.0,0.0
86.9987,6.0,0.0,1.0,0.0
87.0013,6.0,0.0,1.0,0.0
87.0987,6.0,0.0,1.0,0.0
87.1012,6.0,0.0,1.0,0.0
87.1988,6.0,0.0,1.0,0.0
87.2012,6.0,0.0,1.0,0.0
87.2988,6.0,0.0,1.0,0.0
87.3012,6.0,0.0,1.0,0.0
87.3988,6.0,0.0,1.0,0.0
87.4013,6.0,0.0,1.0,0.0
87.4987,6.0,0.0,1.0,0.0
87.5013,6.0,0.0,1.0,0.0
87.5987,6.0,0.0,1.0,0.0
87.6012,6.0,0.0,1.0,0.0
87.6988,6.0,0.0,1.0,0.0
87.7012,6.0,0.0,1.0,0.0
87.7988,6.0,0.0,1.0,0.0
87.8012,6.0,0.0,1.0,0.0
87.8988,6.0,0.0,1.0,0.0
87.9013,6.0,0.0,1.0,0.0
87.9987,6.0,0.0,1.0,0.0
88.0013,6.0,0.0,1.0,0.0
88.0987,6.0,0.0,1.0,0.0
88.1012,6.0,0.0,1.0,0.0
88.1988,6.0,0.0,1.0,0.0
88.2012,6.0,0.0,1.0,0.0
88.2988,6.0,0.0,1.0,0.0
88.3012,6.0,0.0,1.0,0.0
88.3988,6.0,0.0,1.0,0.0
88.4013,6.0,0.0,1.0,0.0
88.4987,6.0,0.0,1.0,0.0
88.5013,6.0,0.0,1.0,0.0
88.5987,6.0,0.0,1.0,0.0
88.6012,6.0,0.0,1.0,0.0
88.6988,6.0,0.0,1.0,0.0
88.7012,6.0,0.0,1.0,0.0
88.7988,6.0,0.0,1.0,0.0
88.8012,6.0,0.0,1.0,0.0
88.8988,6.0,0.0,1.0,0.0
88.9013,6.0,0.0,1.0,0.0
88.9987,6.0,0.0,1.0,0.0
89.0013,6.0,0.0,1.0,0.0
89.0987,6.0,0.0,1.0,0.0
89.1012,6.0,0.0,1.0,0.0
89.1988,6.0,0.0,1.0,0.0
89.2012,6.0,0.0,1.0,0.0
89.2988,6.0,0.0,1.0,0.0
89.3012,6.0,0.0,1.0,0.0
89.3988,6.0,0.0,1.0,0.0
89.4013,6.0,0.0,1.0,0.0
89.4987,6.0,0.0,1.0,0.0
89.5013,6.0,0.0,1.0,0.0
89.5987,6.0,0.0,1.0,0.0
89.6012,6.0,0.0,1.0,0.0
89.6988,6.0,0.0,1.0,0.0
89.7012,6.0,0.0,1.0,0.0
89.7988,6.0,0.0,1.0,0.0
89.8012,6.0,0.0,1.0,0.0
89.8988,6.0,0.0,1.0,0.0
89.9013,6.0,0.0,1.0,0.0
89.9987,6.0,0.0,1.0,0.0
90.0013,6.0,0.0,1.0,0.0
90.0987,6.0,0.0,1.0,0.0
90.1012,6.0,0.0,1.0,0.0
90.1988,6.0,0.0,1.0,0.0
90.2012,6.0,0.0,1.0,0.0
90.2988,6.0,0.0,1.0,0.0
90.3012,6.0,0.0,1.0,0.0
90.3988,6.0,0.0,1.0,0.0
90.4013,6.0,0.0,1.0,0.0
90.4987,6.0,0.0,1.0,0.0
90.5013,6.0,0.0,1.0,0.0
90.5987,6.0,0.0,1.0,0.0
90.6012,6.0,0.0,1.0,0.0
90.6988,6.0,0.0,1.0,0.0
90.7012,6.0,0.0,1.0,0.0
90.7988,6.0,0.0,1.0,0.0
90.8012,6.0,0.0,1.0,0.0
90.8988,6.0,0.0,1.0,0.0
90.9013,6.0,0.0,1.0,0.0
90.9987,6.0,0.0,1.0,0.0
91.0013,6.0,0.0,1.0,0.0
91.0987,6.0,0.0,1.0,0.0
91.1012,6.0,0.0,1.0,0.0
91.1988,6.0,0.0,1.0,0.0
91.2012,6.0,0.0,1.0,0.0
91.2988,6.0,0.0,1.0,0.0
91.3012,6.0,0.0,1.0,0.0
91.3988,6.0,0.0,1.0,0.0
91.4013,6.0,0.0,1.0,0.0
91.4987,6.0,0.0,1.0,0.0
91.5013,6.0,0.0,1.0,0.0
91.5987,6.0,0.0,1.0,0.0
91.6012,6.0,0.0,1.0,0.0
91.6988,6.0,0.0,1.0,0.0
91.7012,6.0,0.0,1.0,0.0
91.7988,6.0,0.0,1.0,0.0
91.8012,6.0,0.0,1.0,0.0
91.8988,6.0,0.0,1.0,0.0
91.9013,6.0,0.0,1.0,0.0
91.9987,6.0,0.0,1.0,0.0
92.0013,6.0,0.0,1.0,0.0
92.0987,6.0,0.0,1.0,0.0
92.1012,6.0,0.0,1.0,0.0
92.1988,6.0,0.0,1.0,0.0
92.2012,6.0,0.0,1.0,0.0
92.2988,6.0,0.0,1.0,0.0
92.3012,6.0,0.0,1.0,0.0
92.3988,6.0,0.0,1.0,0.0
92.4013,6.0,0.0,1.0,0.0
92.4987,6.0,0.0,1.0,0.0
92.5013,6.0,0.0,1.0,0.0
92.5987,6.0,0.0,1.0,0.0
92.6012,6.0,0.0,1.0,0.0
92.6988,6.0,0.0,1.0,0.0
92.7012,6.0,0.0,1.0,0.0
92.7988,6.0,0.0,1.0,0.0
92.8012,6.0,0.0,1.0,0.0
92.8988,6.0,0.0,1.0,0.0
92.9013,6.0,0.0,1.0,0.0
92.9987,6.0,0.0,1.0,0.0
93.0013,6.0,0.0,1.0,0.0
93.0987,6.0,0.0,1.0,0.0
93.1012,6.0,0.0,1.0,0.0
93.1988,6.0,0.0,1.0,0.0
93.2012,6.0,0.0,1.0,0.0
93.2988,6.0,0.0,1.0,0.0
93.3012,6.0,0.0,1.0,0.0
93.3988,6.0,0.0,1.0,0.0
93.4013,6.0,0.0,1.0,0.0
93.4987,6.0,0.0,1.0,0.0
93.5013,6.0,0.0,1.0,0.0
93.5987,6.0,0.0,1.0,0.0
93.6012,6.0,0.0,1.0,0.0
93.6988,6.0,0.0,1.0,0.0
93.7012,6.0,0.0,1.0,0.0
93.7988,6.0,0.0,1.0,0.0
93.8012,6.0,0.0,1.0,0.0
93.8988,6.0,0.0,1.0,0.0
93.9013,6.0,0.0,1.0,0.0
93.9987,6.0,0.0,1.0,0.0
94.0013,6.0,0.0,1.0,0.0
94.0987,6.0,0.0,1.0,0.0
94.1012,6.0,0.0,1.0,0.0
94.1988,6.0,0.0,1.0,0.0
94.2012,6.0,0.0,1.0,0.0
94.2988,6.0,0.0,1.0,0.0
94.3012,6.0,0.0,1.0,0.0
94.3988,6.0,0.0,1.0,0.0
94.4013,6.0,0.0,1.0,0.0
94.4987,6.0,0.0,1.0,0.0
94.5013,6.0,0.0,1.0,0.0
94.5987,6.0,0.0,1.0,0.0
94.6012,6.0,0.0,1.0,0.0
94.6988,6.0,0.0,1.0,0.0
94.7012,6.0,0.0,1.0,0.0
94.7988,6.0,0.0,1.0,0.0
94.8012,6.0,0.0,1.0,0.0
94.8988,6.0,0.0,1.0,0.0
94.9013,6.0,0.0,1.0,0.0
94.9987,6.0,0.0,1.0,0.0
95.0013,6.0,0.0,1.0,0.0
95.0987,6.0,0.0,1.0,0.0
95.1012,6.0,0.0,1.0,0.0
95.1988,6.0,0.0,1.0,0.0
95.2012,6.0,0.0,1.0,0.0
95.2988,6.0,0.0,1.0,0.0
95.3012,6.0,0.0,1.0,0.0
95.3988,6.0,0.0,1.0,0.0
95.4013,6.0,0.0,1.0,0.0
95.4987,6.0,0.0,1.0,0.0
95.5013,6.0,0.0,1.0,0.0
95.5987,6.0,0.0,1.0,0.0
95.6012,6.0,0.0,1.0,0.0
95.6988,6.0,0.0,1.0,0.0
95.7012,6.0,0.0,1.0,0.0
95.7988,6.0,0.0,1.0,0.0
95.8012,6.0,0.0,1.0,0.0
95.8988,6.0,0.0,1.0,0.0
95.9013,6.0,0.0,1.0,0.0
95.9987,6.0,0.0,1.0,0.0
96.0013,6.0,0.0,1.0,0.0
96.0987,6.0,0.0,1.0,0.0
96.1012,6.0,0.0,1.0,0.0
96.1988,6.0,0.0,1.0,0.0
96.2012,6.0,0.0,1.0,0.0
96.2988,6.0,0.0,1.0,0.0
96.3012,6.0,0.0,1.0,0.0
96.3988,6.0,0.0,1.0,0.0
96.4013,6.0,0.0,1.0,0.0
96.4987,6.0,0.0,1.0,0.0
96.5013,6.0,0.0,1.0,0.0
96.5987,6.0,0.0,1.0,0.0
96.6012,6.0,0.0,1.0,0.0
96.6988,6.0,0.0,1.0,0.0
96.7012,6.0,0.0,1.0,0.0
96.7988,6.0,0.0,1.0,0.0
96.8012,6.0,0.0,1.0,0.0
96.8988,6.0,0.0,1.0,0.0
96.9013,6.0,0.0,1.0,0.0
96.9987,6.0,0.0,1.0,0.0
97.0013,6.0,0.0,1.0,0.0
97.0987,6.0,0.0,1.0,0.0
97.1012,6.0,0.0,1.0,0.0
97.1988,6.0,0.0,1.0,0.0
97.2012,6.0,0.0,1.0,0.0
97.2988,6.0,0.0,1.0,0.0
97.3012,6.0,0.0,1.0,0.0
97.3988,6.0,0.0,1.0,0.0
97.4013,6.0,0.0,1.0,0.0
97.4987,6.0,0.0,1.0,0.0
97.5013,6.0,0.0,1.0,0.0
97.5987,6.0,0.0,1.0,0.0
97.6012,6.0,0.0,1.0,0.0
97.6988,6.0,0.0,1.0,0.0
97.7012,6.0,0.0,1.0,0.0
97.7988,6.0,0.0,1.0,0.0
97.8012,6.0,0.0,1.0,0.0
97.8988,6.0,0.0,1.0,0.0
97.9013,6.0,0.0,1.0,0.0
97.9987,6.0,0.0,1.0,0.0
98.0013,6.0,0.0,1.0,0.0
98.0987,6.0,0.0,1.0,0.0
98.1012,6.0,0.0,1.0,0.0
98.1988,6.0,0.0,1.0,0.0
98.2012,6.0,0.0,1.0,0.0
98.2988,6.0,0.0,1.0,0.0
98.3012,6.0,0.0,1.0,0.0
98.3988,6.0,0.0,1.0,0.0
98.4013,6.0,0.0,1.0,0.0
98.4987,6.0,0.0,1.0,0.0
98.5013,6.0,0.0,1.0,0.0
98.5987,6.0,0.0,1.0,0.0
98.6012,6.0,0.0,1.0,0.0
98.6988,6.0,0.0,1.0,0.0
98.7012,6.0,0.0,1.0,0.0
98.7988,6.0,0.0,1.0,0.0
98.8012,6.0,0.0,1.0,0.0
98.8988,6.0,0.0,1.0,0.0
98.9013,6.0,0.0,1.0,0.0
98.9987,6.0,0.0,1.0,0.0
99.0013,6.0,0.0,1.0,0.0
99.0987,6.0,0.0,1.0,0.0
99.1012,6.0,0.0,1.0,0.0
99.1988,6.0,0.0,1.0,0.0
99.2012,6.0,0.0,1.0,0.0
99.2988,6.0,0.0,1.0,0.0
99.3012,6.0,0.0,1.0,0.0
99.3988,6.0,0.0,1.0,0.0
99.4013,6.0,0.0,1.0,0.0
99.4987,6.0,0.0,1.0,0.0
99.5013,6.0,0.0,1.0,0.0
99.5987,6.0,0.0,1.0,0.0
99.6012,6.0,0.0,1.0,0.0
99.6988,6.0,0.0,1.0,0.0
99.7012,6.0,0.0,1.0,0.0
99.7988,6.0,0.0,1.0,0.0
99.8012,6.0,0.0,1.0,0.0
99.8988,6.0,0.0,1.0,0.0
99.9013,6.0,0.0,1.0,0.0
99.9987,6.0,0.0,1.0,0.0
100.0013,6.0,0.0,1.0,0.0
100.0987,6.0,0.0,1.0,0.0
100.1012,6.0,0.0,1.0,0.0
100.1988,6.0,0.0,1.0,0.0
100.2012,6.0,0.0,1.0,0.0
100.2988,6.0,0.0,1.0,0.0
100.3012,6.0,0.0,1.0,0.0
100.3988,6.0,0.0,1.0,0.0
100.4013,6.0,0.0,1.0,0.0
100.4987,6.0,0.0,1.0,0.0
100.5013,6.0,0.0,1.0,0.0
100.5987,6.0,0.0,1.0,0.0
100.6012,6.0,0.0,1.0,0.0
100.6988,6.0,0.0,1.0,0.0
100.7012,6.0,0.0,1.0,0.0
100.7988,6.0,0.0,1.0,0.0
100.8012,6.0,0.0,1.0,0.0
100.8988,6.0,0.0,1.0,0.0
100.9013,6.0,0.0,1.0,0.0
100.9987,6.0,0.0,1.0,0.0
101.0013,6.0,0.0,1.0,0.0
101.0987,6.0,0.0,1.0,0.0
101.1012,6.0,0.0,1.0,0.0
101.1988,6.0,0.0,1.0,0.0
101.2012,6.0,0.0,1.0,0.0
101.2988,6.0,0.0,1.0,0.0
101.3012,6.0,0.0,1.0,0.0
101.3988,6.0,0.0,1.0,0.0
101.4013,6.0,0.0,1.0,0.0
101.4987,6.0,0.0,1.0,0.0
101.5013,6.0,0.0,1.0,0.0
101.5987,6.0,0.0,1.0,0.0
101.6012,6.0,0.0,1.0,0.0
101.6988,6.0,0.0,1.0,0.0
101.7012,6.0,0.0,1.0,0.0
101.7988,6.0,0.0,1.0,0.0
101.8012,6.0,0.0,1.0,0.0
101.8988,6.0,0.0,1.0,0.0
101.9013,6.0,0.0,1.0,0.0
101.9987,6.0,0.0,1.0,0.0
102.0013,6.0,0.0,1.0,0.0
102.0987,6.0,0.0,1.0,0.0
102.1012,6.0,0.0,1.0,0.0
102.1988,6.0,0.0,1.0,0.0
102.2012,6.0,0.0,1.0,0.0
102.2988,6.0,0.0,1.0,0.0
102.3012,6.0,0.0,1.0,0.0
102.3988,6.0,0.0,1.0,0.0
102.4013,6.0,0.0,1.0,0.0
102.4987,6.0,0.0,1.0,0.0
102.5013,6.0,0.0,1.0,0.0
102.5987,6.0,0.0,1.0,0.0
102.6012,6.0,0.0,1.0,0.0
102.6988,6.0,0.0,1.0,0.0
102.7012,6.0,0.0,1.0,0.0
102.7988,6.0,0.0,1.0,0.0
102.8012,6.0,0.0,1.0,0.0
102.8988,6.0,0.0,1.0,0.0
102.9013,6.0,0.0,1.0,0.0
102.9987,6.0,0.0,1.0,0.0
103.0013,6.0,0.0,1.0,0.0
103.0987,6.0,0.0,1.0,0.0
103.1012,6.0,0.0,1.0,0.0
103.1988,6.0,0.0,1.0,0.0
103.2012,6.0,0.0,1.0,0.0
103.2988,6.0,0.0,1.0,0.0
103.3012,6.0,0.0,1.0,0.0
103.3988,6.0,0.0,1.0,0.0
103.4013,6.0,0.0,1.0,0.0
103.4987,6.0,0.0,1.0,0.0
103.5013,6.0,0.0,1.0,0.0
103.5987,6.0,0.0,1.0,0.0
103.6012,6.0,0.0,1.0,0.0
103.6988,6.0,0.0,1.0,0.0
103.7012,6.0,0.0,1.0,0.0
103.7988,6.0,0.0,1.0,0.0
103.8012,6.0,0.0,1.0,0.0
103.8988,6.0,0.0,1.0,0.0
103.9013,6.0,0.0,1.0,0.0
103.9987,6.0,0.0,1.0,0.0
104.0013,6.0,0.0,1.0,0.0
104.0987,6.0,0.0,1.0,0.0
104.1012,6.0,0.0,1.0,0.0
104.1988,6.0,0.0,1.0,0.0
104.2012,6.0,0.0,1.0,0.0
104.2988,6.0,0.0,1.0,0.0
104.3012,6.0,0.0,1.0,0.0
104.3988,6.0,0.0,1.0,0.0
104.4013,6.0,0.0,1.0,0.0
104.4987,6.0,0.0,1.0,0.0
104.5013,6.0,0.0,1.0,0.0
104.5987,6.0,0.0,1.0,0.0
104.6012,6.0,0.0,1.0,0.0
104.6988,6.0,0.0,1.0,0.0
104.7012,6.0,0.0,1.0,0.0
104.7988,6.0,0.0,1.0,0.0
104.8012,6.0,0.0,1.0,0.0
104.8988,6.0,0.0,1.0,0.0
104.9013,6.0,0.0,1.0,0.0
104.9987,6.0,0.0,1.0,0.0
105.0013,6.0,0.0,1.0,0.0
105.0987,6.0,0.0,1.0,0.0
105.1012,6.0,0.0,1.0,0.0
105.1988,6.0,0.0,1.0,0.0
105.2012,6.0,0.0,1.0,0.0
105.2988,6.0,0.0,1.0,0.0
105.3012,6.0,0.0,1.0,0.0
105.3988,6.0,0.0,1.0,0.0
105.4013,6.0,0.0,1.0,0.0
105.4987,6.0,0.0,1.0,0.0
105.5013,6.0,0.0,1.0,0.0
105.5987,6.0,0.0,1.0,0.0
105.6012,6.0,0.0,1.0,0.0
105.6988,6.0,0.0,1.0,0.0
105.7012,6.0,0.0,1.0,0.0
105.7988,6.0,0.0,1.0,0.0
105.8012,6.0,0.0,1.0,0.0
105.8988,6.0,0.0,1.0,0.0
105.9013,6.0,0.0,1.0,0.0
105.9987,6.0,0.0,1.0,0.0
106.0013,6.0,0.0,1.0,0.0
106.0987,6.0,0.0,1.0,0.0
106.1012,6.0,0.0,1.0,0.0
106.1988,6.0,0.0,1.0,0.0
106.2012,6.0,0.0,1.0,0.0
106.2988,6.0,0.0,1.0,0.0
106.3012,6.0,0.0,1.0,0.0
106.3988,6.0,0.0,1.0,0.0
106.4013,6.0,0.0,1.0,0.0
106.4987,6.0,0.0,1.0,0.0
106.5013,6.0,0.0,1.0,0.0
106.5987,6.0,0.0,1.0,0.0
106.6012,6.0,0.0,1.0,0.0
106.6988,6.0,0.0,1.0,0.0
106.7012,6.0,0.0,1.0,0.0
106.7988,6.0,0.0,1.0,0.0
106.8012,6.0,0.0,1.0,0.0
106.8988,6.0,0.0,1.0,0.0
106.9013,6.0,0.0,1.0,0.0
106.9987,6.0,0.0,1.0,0.0
107.0013,6.0,0.0,1.0,0.0
107.0987,6.0,0.0,1.0,0.0
107.1012,6.0,0.0,1.0,0.0
107.1988,6.0,0.0,1.0,0.0
107.2012,6.0,0.0,1.0,0.0
107.2988,6.0,0.0,1.0,0.0
107.3012,6.0,0.0,1.0,0.0
107.3988,6.0,0.0,1.0,0.0
107.4013,6.0,0.0,1.0,0.0
107.4987,6.0,0.0,1.0,0.0
107.5013,6.0,0.0,1.0,0.0
107.5987,6.0,0.0,1.0,0.0
107.6012,6.0,0.0,1.0,0.0
107.6988,6.0,0.0,1.0,0.0
107.7012,6.0,0.0,1.0,0.0
107.7988,6.0,0.0,1.0,0.0
107.8012,6.0,0.0,1.0,0.0
107.8988,6.0,0.0,1.0,0.0
107.9013,6.0,0.0,1.0,0.0
107.9987,6.0,0.0,1.0,0.0
108.0013,6.0,0.0,1.0,0.0
108.0987,6.0,0.0,1.0,0.0
108.1012,6.0,0.0,1.0,0.0
108.1988,6.0,0.0,1.0,0.0
108.2012,6.0,0.0,1.0,0.0
108.2988,6.0,0.0,1.0,0.0
108.3012,6.0,0.0,1.0,0.0
108.3988,6.0,0.0,1.0,0.0
108.4013,6.0,0.0,1.0,0.0
108.4987,6.0,0.0,1.0,0.0
108.5013,6.0,0.0,1.0,0.0
108.5987,6.0,0.0,1.0,0.0
108.6012,6.0,0.0,1.0,0.0
108.6988,6.0,0.0,1.0,0.0
108.7012,6.0,0.0,1.0,0.0
108.7988,6.0,0.0,1.0,0.0
108.8012,6.0,0.0,1.0,0.0
108.8988,6.0,0.0,1.0,0.0
108.9013,6.0,0.0,1.0,0.0
108.9987,6.0,0.0,1.0,0.0
109.0013,6.0,0.0,1.0,0.0
109.0987,6.0,0.0,1.0,0.0
109.1012,6.0,0.0,1.0,0.0
109.1988,6.0,0.0,1.0,0.0
109.2012,6.0,0.0,1.0,0.0
109.2988,6.0,0.0,1.0,0.0
109.3012,6.0,0.0,1.0,0.0
109.3988,6.0,0.0,1.0,0.0
109.4013,6.0,0.0,1.0,0.0
109.4987,6.0,0.0,1.0,0.0
109.5013,6.0,0.0,1.0,0.0
109.5987,6.0,0.0,1.0,0.0
109.6012,6.0,0.0,1.0,0.0
109.6988,6.0,0.0,1.0,0.0
109.7012,6.0,0.0,1.0,0.0
109.7988,6.0,0.0,1.0,0.0
109.8012,6.0,0.0,1.0,0.0
109.8988,6.0,0.0,1.0,0.0
109.9013,6.0,0.0,1.0,0.0
109.9987,6.0,0.0,1.0,0.0
110.0013,6.0,0.0,1.0,0.0
110.0987,6.0,0.0,1.0,0.0
110.1012,6.0,0.0,1.0,0.0
110.1988,6.0,0.0,1.0,0.0
110.2012,6.0,0.0,1.0,0.0
110.2988,6.0,0.0,1.0,0.0
110.3012,6.0,0.0,1.0,0.0
110.3988,6.0,0.0,1.0,0.0
110.4013,6.0,0.0,1.0,0.0
110.4987,6.0,0.0,1.0,0.0
110.5013,6.0,0.0,1.0,0.0
110.5987,6.0,0.0,1.0,0.0
110.6012,6.0,0.0,1.0,0.0
110.6988,6.0,0.0,1.0,0.0
110.7012,6.0,0.0,1.0,0.0
110.7988,6.0,0.0,1.0,0.0
110.8012,6.0,0.0,1.0,0.0
110.8988,6.0,0.0,1.0,0.0
110.9013,6.0,0.0,1.0,0.0
110.9987,6.0,0.0,1.0,0.0
111.0013,6.0,0.0,1.0,0.0
111.0987,6.0,0.0,1.0,0.0
111.1012,6.0,0.0,1.0,0.0
111.1988,6.0,0.0,1.0,0.0
111.2012,6.0,0.0,1.0,0.0
111.2988,6.0,0.0,1.0,0.0
111.3012,6.0,0.0,1.0,0.0
111.3988,6.0,0.0,1.0,0.0
111.4013,6.0,0.0,1.0,0.0
111.4987,6.0,0.0,1.0,0.0
111.5013,6.0,0.0,1.0,0.0
111.5987,6.0,0.0,1.0,0.0
111.6012,6.0,0.0,1.0,0.0
111.6988,6.0,0.0,1.0,0.0
111.7012,6.0,0.0,1.0,0.0
111.7988,6.0,0.0,1.0,0.0
111.8012,6.0,0.0,1.0,0.0
111.8988,6.0,0.0,1.0,0.0
111.9013,6.0,0.0,1.0,0.0
111.9987,6.0,0.0,1.0,0.0
112.0013,6.0,0.0,1.0,0.0
112.0987,6.0,0.0,1.0,0.0
112.1012,6.0,0.0,1.0,0.0
112.1988,6.0,0.0,1.0,0.0
112.2012,6.0,0.0,1.0,0.0
112.2988,6.0,0.0,1.0,0.0
112.3012,6.0,0.0,1.0,0.0
112.3988,6.0,0.0,1.0,0.0
112.4013,6.0,0.0,1.0,0.0
112.4987,6.0,0.0,1.0,0.0
112.5013,6.0,0.0,1.0,0.0
112.5987,6.0,0.0,1.0,0.0
112.6012,6.0,0.0,1.0,0.0
112.6988,6.0,0.0,1.0,0.0
112.7012,6.0,0.0,1.0,0.0
112.7988,6.0,0.0,1.0,0.0
112.8012,6.0,0.0,1.0,0.0
112.8988,6.0,0.0,1.0,0.0
112.9013,6.0,0.0,1.0,0.0
112.9987,6.0,0.0,1.0,0.0
113.0013,6.0,0.0,1.0,0.0
113.0987,6.0,0.0,1.0,0.0
113.1012,6.0,0.0,1.0,0.0
113.1988,6.0,0.0,1.0,0.0
113.2012,6.0,0.0,1.0,0.0
113.2988,6.0,0.0,1.0,0.0
113.3012,6.0,0.0,1.0,0.0
113.3988,6.0,0.0,1.0,0.0
113.4013,6.0,0.0,1.0,0.0
113.4987,6.0,0.0,1.0,0.0
113.5013,6.0,0.0,1.0,0.0
113.5987,6.0,0.0,1.0,0.0
113.6012,6.0,0.0,1.0,0.0
113.6988,6.0,0.0,1.0,0.0
113.7012,6.0,0.0,1.0,0.0
113.7988,6.0,0.0,1.0,0.0
113.8012,6.0,0.0,1.0,0.0
113.8988,6.0,0.0,1.0,0.0
113.9013,6.0,0.0,1.0,0.0
113.9987,6.0,0.0,1.0,0.0
114.0013,6.0,0.0,1.0,0.0
114.0987,6.0,0.0,1.0,0.0
114.1012,6.0,0.0,1.0,0.0
114.1988,6.0,0.0,1.0,0.0
114.2012,6.0,0.0,1.0,0.0
114.2988,6.0,0.0,1.0,0.0
114.3012,6.0,0.0,1.0,0.0
114.3988,6.0,0.0,1.0,0.0
114.4013,6.0,0.0,1.0,0.0
114.4987,6.0,0.0,1.0,0.0
114.5013,6.0,0.0,1.0,0.0
114.5987,6.0,0.0,1.0,0.0
114.6012,6.0,0.0,1.0,0.0
114.6988,6.0,0.0,1.0,0.0
114.7012,6.0,0.0,1.0,0.0
114.7988,6.0,0.0,1.0,0.0
114.8012,6.0,0.0,1.0,0.0
114.8988,6.0,0.0,1.0,0.0
114.9013,6.0,0.0,1.0,0.0
114.9987,6.0,0.0,1.0,0.0
115.0013,6.0,0.0,1.0,0.0
115.0987,6.0,0.0,1.0,0.0
115.1012,6.0,0.0,1.0,0.0
115.1988,6.0,0.0,1.0,0.0
115.2012,6.0,0.0,1.0,0.0
115.2988,6.0,0.0,1.0,0.0
115.3012,6.0,0.0,1.0,0.0
115.3988,6.0,0.0,1.0,0.0
115.4013,6.0,0.0,1.0,0.0
115.4987,6.0,0.0,1.0,0.0
115.5013,6.0,0.0,1.0,0.0
115.5987,6.0,0.0,1.0,0.0
115.6012,6.0,0.0,1.0,0.0
115.6988,6.0,0.0,1.0,0.0
115.7012,6.0,0.0,1.0,0.0
115.7988,6.0,0.0,1.0,0.0
115.8012,6.0,0.0,1.0,0.0
115.8988,6.0,0.0,1.0,0.0
115.9013,6.0,0.0,1.0,0.0
115.9987,6.0,0.0,1.0,0.0
116.0013,6.0,0.0,1.0,0.0
116.0987,6.0,0.0,1.0,0.0
116.1012,6.0,0.0,1.0,0.0
116.1988,6.0,0.0,1.0,0.0
116.2012,6.0,0.0,1.0,0.0
116.2988,6.0,0.0,1.0,0.0
116.3012,6.0,0.0,1.0,0.0
116.3988,6.0,0.0,1.0,0.0
116.4013,6.0,0.0,1.0,0.0
116.4987,6.0,0.0,1.0,0.0
116.5013,6.0,0.0,1.0,0.0
116.5987,6.0,0.0,1.0,0.0
116.6012,6.0,0.0,1.0,0.0
116.6988,6.0,0.0,1.0,0.0
116.7012,6.0,0.0,1.0,0.0
116.7988,6.0,0.0,1.0,0.0
116.8012,6.0,0.0,1.0,0.0
116.8988,6.0,0.0,1.0,0.0
116.9013,6.0,0.0,1.0,0.0
116.9987,6.0,0.0,1.0,0.0
117.0013,6.0,0.0,1.0,0.0
117.0987,6.0,0.0,1.0,0.0
117.1012,6.0,0.0,1.0,0.0
117.1988,6.0,0.0,1.0,0.0
117.2012,6.0,0.0,1.0,0.0
117.2988,6.0,0.0,1.0,0.0
117.3012,6.0,0.0,1.0,0.0
117.3988,6.0,0.0,1.0,0.0
117.4013,6.0,0.0,1.0,0.0
117.4987,6.0,0.0,1.0,0.0
117.5013,6.0,0.0,1.0,0.0
117.5987,6.0,0.0,1.0,0.0
117.6012,6.0,0.0,1.0,0.0
117.6988,6.0,0.0,1.0,0.0
117.7012,6.0,0.0,1.0,0.0
117.7988,6.0,0.0,1.0,0.0
117.8012,6.0,0.0,1.0,0.0
117.8988,6.0,0.0,1.0,0.0
117.9013,6.0,0.0,1.0,0.0
117.9987,6.0,0.0,1.0,0.0
118.0013,6.0,0.0,1.0,0.0
118.0987,6.0,0.0,1.0,0.0
118.1012,6.0,0.0,1.0,0.0
118.1988,6.0,0.0,1.0,0.0
118.2012,6.0,0.0,1.0,0.0
118.2988,6.0,0.0,1.0,0.0
118.3012,6.0,0.0,1.0,0.0
118.3988,6.0,0.0,1.0,0.0
118.4013,6.0,0.0,1.0,0.0
118.4987,6.0,0.0,1.0,0.0
118.5013,6.0,0.0,1.0,0.0
118.5987,6.0,0.0,1.0,0.0
118.6012,6.0,0.0,1.0,0.0
118.6988,6.0,0.0,1.0,0.0
118.7012,6.0,0.0,1.0,0.0
118.7988,6.0,0.0,1.0,0.0
118.8012,6.0,0.0,1.0,0.0
118.8988,6.0,0.0,1.0,0.0
118.9013,6.0,0.0,1.0,0.0
118.9987,6.0,0.0,1.0,0.0
119.0013,6.0,0.0,1.0,0.0
119.0987,6.0,0.0,1.0,0.0
119.1012,6.0,0.0,1.0,0.0
119.1988,6.0,0.0,1.0,0.0
119.2012,6.0,0.0,1.0,0.0
119.2988,6.0,0.0,1.0,0.0
119.3012,6.0,0.0,1.0,0.0
119.3988,6.0,0.0,1.0,0.0
119.4013,6.0,0.0,1.0,0.0
119.4987,6.0,0.0,1.0,0.0
119.5013,6.0,0.0,1.0,0.0
119.5987,6.0,0.0,1.0,0.0
119.6012,6.0,0.0,1.0,0.0
119.6988,6.0,0.0,1.0,0.0
119.7012,6.0,0.0,1.0,0.0
119.7988,6.0,0.0,1.0,0.0
119.8012,6.0,0.0,1.0,0.0
119.8988,6.0,0.0,1.0,0.0
119.9013,6.0,0.0,1.0,0.0
119.9987,6.0,0.0,1.0,0.0
120.0013,6.0,0.0,1.0,0.0
120.0987,6.0,0.0,1.0,0.0
120.1012,6.0,0.0,1.0,0.0
120.1988,6.0,0.0,1.0,0.0
120.2012,6.0,0.0,1.0,0.0
120.2988,6.0,0.0,1.0,0.0
120.3012,6.0,0.0,1.0,0.0
120.3988,6.0,0.0,1.0,0.0
120.4013,6.0,0.0,1.0,0.0
120.4987,6.0,0.0,1.0,0.0
120.5013,6.0,0.0,1.0,0.0
120.5987,6.0,0.0,1.0,0.0
120.6012,6.0,0.0,1.0,0.0
120.6988,6.0,0.0,1.0,0.0
120.7012,6.0,0.0,1.0,0.0
120.7988,6.0,0.0,1.0,0.0
120.8012,6.0,0.0,1.0,0.0
120.8988,6.0,0.0,1.0,0.0
120.9013,6.0,0.0,1.0,0.0
120.9987,6.0,0.0,1.0,0.0
121.0013,6.0,0.0,1.0,0.0
121.0987,6.0,0.0,1.0,0.0
121.1012,6.0,0.0,1.0,0.0
121.1988,6.0,0.0,1.0,0.0
121.2012,6.0,0.0,1.0,0.0
121.2988,6.0,0.0,1.0,0.0
121.3012,6.0,0.0,1.0,0.0
121.3988,6.0,0.0,1.0,0.0
121.4013,6.0,0.0,1.0,0.0
121.4987,6.0,0.0,1.0,0.0
121.5013,6.0,0.0,1.0,0.0
121.5987,6.0,0.0,1.0,0.0
121.6012,6.0,0.0,1.0,0.0
121.6988,6.0,0.0,1.0,0.0
121.7012,6.0,0.0,1.0,0.0
121.7988,6.0,0.0,1.0,0.0
121.8012,6.0,0.0,1.0,0.0
121.8988,6.0,0.0,1.0,0.0
121.9013,6.0,0.0,1.0,0.0
121.9987,6.0,0.0,1.0,0.0
122.0013,6.0,0.0,1.0,0.0
122.0987,6.0,0.0,1.0,0.0
122.1012,6.0,0.0,1.0,0.0
122.1988,6.0,0.0,1.0,0.0
122.2012,6.0,0.0,1.0,0.0
122.2988,6.0,0.0,1.0,0.0
122.3012,6.0,0.0,1.0,0.0
122.3988,6.0,0.0,1.0,0.0
122.4013,6.0,0.0,1.0,0.0
122.4987,6.0,0.0,1.0,0.0
122.5013,6.0,0.0,1.0,0.0
122.5987,6.0,0.0,1.0,0.0
122.6012,6.0,0.0,1.0,0.0
122.6988,6.0,0.0,1.0,0.0
122.7012,6.0,0.0,1.0,0.0
122.7988,6.0,0.0,1.0,0.0
122.8012,6.0,0.0,1.0,0.0
122.8988,6.0,0.0,1.0,0.0
122.9013,6.0,0.0,1.0,0.0
122.9987,6.0,0.0,1.0,0.0
123.0013,6.0,0.0,1.0,0.0
123.0987,6.0,0.0,1.0,0.0
123.1012,6.0,0.0,1.0,0.0
123.1988,6.0,0.0,1.0,0.0
123.2012,6.0,0.0,1.0,0.0
123.2988,6.0,0.0,1.0,0.0
123.3012,6.0,0.0,1.0,0.0
123.3988,6.0,0.0,1.0,0.0
123.4013,6.0,0.0,1.0,0.0
123.4987,6.0,0.0,1.0,0.0
123.5013,6.0,0.0,1.0,0.0
123.5987,6.0,0.0,1.0,0.0
123.6012,6.0,0.0,1.0,0.0
123.6988,6.0,0.0,1.0,0.0
123.7012,6.0,0.0,1.0,0.0
123.7988,6.0,0.0,1.0,0.0
123.8012,6.0,0.0,1.0,0.0
123.8988,6.0,0.0,1.0,0.0
123.9013,6.0,0.0,1.0,0.0
123.9987,6.0,0.0,1.0,0.0
124.0013,6.0,0.0,1.0,0.0
124.0987,6.0,0.0,1.0,0.0
124.1012,6.0,0.0,1.0,0.0
124.1988,6.0,0.0,1.0,0.0
124.2012,6.0,0.0,1.0,0.0
124.2988,6.0,0.0,1.0,0.0
124.3012,6.0,0.0,1.0,0.0
124.3988,6.0,0.0,1.0,0.0
124.4013,6.0,0.0,1.0,0.0
124.4987,6.0,0.0,1.0,0.0
124.5013,6.0,0.0,1.0,0.0
124.5987,6.0,0.0,1.0,0.0
124.6012,6.0,0.0,1.0,0.0
124.6988,6.0,0.0,1.0,0.0
124.7012,6.0,0.0,1.0,0.0
124.7988,6.0,0.0,1.0,0.0
124.8012,6.0,0.0,1.0,0.0
124.8988,6.0,0.0,1.0,0.0
124.9013,6.0,0.0,1.0,0.0
124.9987,6.0,0.0,1.0,0.0
125.0013,6.0,0.0,1.0,0.0
125.0987,6.0,0.0,1.0,0.0
125.1012,6.0,0.0,1.0,0.0
125.1988,6.0,0.0,1.0,0.0
125.2012,6.0,0.0,1.0,0.0
125.2988,6.0,0.0,1.0,0.0
125.3012,6.0,0.0,1.0,0.0
125.3988,6.0,0.0,1.0,0.0
125.4013,6.0,0.0,1.0,0.0
125.4987,6.0,0.0,1.0,0.0
125.5013,6.0,0.0,1.0,0.0
125.5987,6.0,0.0,1.0,0.0
125.6012,6.0,0.0,1.0,0.0
125.6988,6.0,0.0,1.0,0.0
125.7012,6.0,0.0,1.0,0.0
125.7988,6.0,0.0,1.0,0.0
125.8012,6.0,0.0,1.0,0.0
125.8988,6.0,0.0,1.0,0.0
125.9013,6.0,0.0,1.0,0.0
125.9987,6.0,0.0,1.0,0.0
126.0013,6.0,0.0,1.0,0.0
126.0987,6.0,0.0,1.0,0.0
126.1012,6.0,0.0,1.0,0.0
126.1988,6.0,0.0,1.0,0.0
126.2012,6.0,0.0,1.0,0.0
126.2988,6.0,0.0,1.0,0.0
126.3012,6.0,0.0,1.0,0.0
126.3988,6.0,0.0,1.0,0.0
126.4013,6.0,0.0,1.0,0.0
126.4987,6.0,0.0,1.0,0.0
126.5013,6.0,0.0,1.0,0.0
126.5987,6.0,0.0,1.0,0.0
126.6012,6.0,0.0,1.0,0.0
126.6988,6.0,0.0,1.0,0.0
126.7012,6.0,0.0,1.0,0.0
126.7988,6.0,0.0,1.0,0.0
126.8012,6.0,0.0,1.0,0.0
126.8988,6.0,0.0,1.0,0.0
126.9013,6.0,0.0,1.0,0.0
126.9987,6.0,0.0,1.0,0.0
127.0013,6.0,0.0,1.0,0.0
127.0987,6.0,0.0,1.0,0.0
127.1012,6.0,0.0,1.0,0.0
127.1988,6.0,0.0,1.0,0.0
127.2012,6.0,0.0,1.0,0.0
127.2988,6.0,0.0,1.0,0.0
127.3012,6.0,0.0,1.0,0.0
127.3988,6.0,0.0,1.0,0.0
127.4013,6.0,0.0,1.0,0.0
127.4987,6.0,0.0,1.0,0.0
127.5013,6.0,0.0,1.0,0.0
127.5987,6.0,0.0,1.0,0.0
127.6012,6.0,0.0,1.0,0.0
127.6988,6.0,0.0,1.0,0.0
127.7012,6.0,0.0,1.0,0.0
127.7988,6.0,0.0,1.0,0.0
127.8012,6.0,0.0,1.0,0.0
127.8988,6.0,0.0,1.0,0.0
127.9013,6.0,0.0,1.0,0.0
127.9987,6.0,0.0,1.0,0.0
128.0013,6.0,0.0,1.0,0.0
128.0988,6.0,0.0,1.0,0.0
128.1013,6.0,0.0,1.0,0.0
128.1987,6.0,0.0,1.0,0.0
128.2012,6.0,0.0,1.0,0.0
128.2988,6.0,0.0,1.0,0.0
128.3013,6.0,0.0,1.0,0.0
128.3987,6.0,0.0,1.0,0.0
128.4012,6.0,0.0,1.0,0.0
128.4987,6.0,0.0,1.0,0.0
128.5013,6.0,0.0,1.0,0.0
128.5988,6.0,0.0,1.0,0.0
128.6013,6.0,0.0,1.0,0.0
128.6987,6.0,0.0,1.0,0.0
128.7012,6.0,0.0,1.0,0.0
128.7988,6.0,0.0,1.0,0.0
128.8013,6.0,0.0,1.0,0.0
128.8987,6.0,0.0,1.0,0.0
128.9012,6.0,0.0,1.0,0.0
128.9987,6.0,0.0,1.0,0.0
129.0013,6.0,0.0,1.0,0.0
129.0988,6.0,0.0,1.0,0.0
129.1013,6.0,0.0,1.0,0.0
129.1987,6.0,0.0,1.0,0.0
129.2012,6.0,0.0,1.0,0.0
129.2988,6.0,0.0,1.0,0.0
129.3013,6.0,0.0,1.0,0.0
129.3987,6.0,0.0,1.0,0.0
129.4012,6.0,0.0,1.0,0.0
129.4987,6.0,0.0,1.0,0.0
129.5013,6.0,0.0,1.0,0.0
129.5988,6.0,0.0,1.0,0.0
129.6013,6.0,0.0,1.0,0.0
129.6987,6.0,0.0,1.0,0.0
129.7012,6.0,0.0,1.0,0.0
129.7988,6.0,0.0,1.0,0.0
129.8013,6.0,0.0,1.0,0.0
129.8987,6.0,0.0,1.0,0.0
129.9012,6.0,0.0,1.0,0.0
129.9987,6.0,0.0,1.0,0.0
130.0013,6.0,0.0,1.0,0.0
130.0988,6.0,0.0,1.0,0.0
130.1013,6.0,0.0,1.0,0.0
130.1987,6.0,0.0,1.0,0.0
130.2012,6.0,0.0,1.0,0.0
130.2988,6.0,0.0,1.0,0.0
130.3013,6.0,0.0,1.0,0.0
130.3987,6.0,0.0,1.0,0.0
130.4012,6.0,0.0,1.0,0.0
130.4987,6.0,0.0,1.0,0.0
130.5013,6.0,0.0,1.0,0.0
130.5988,6.0,0.0,1.0,0.0
130.6013,6.0,0.0,1.0,0.0
130.6987,6.0,0.0,1.0,0.0
130.7012,6.0,0.0,1.0,0.0
130.7988,6.0,0.0,1.0,0.0
130.8013,6.0,0.0,1.0,0.0
130.8987,6.0,0.0,1.0,0.0
130.9012,6.0,0.0,1.0,0.0
130.9987,6.0,0.0,1.0,0.0
131.0013,6.0,0.0,1.0,0.0
131.0988,6.0,0.0,1.0,0.0
131.1013,6.0,0.0,1.0,0.0
131.1987,6.0,0.0,1.0,0.0
131.2012,6.0,0.0,1.0,0.0
131.2988,6.0,0.0,1.0,0.0
131.3013,6.0,0.0,1.0,0.0
131.3987,6.0,0.0,1.0,0.0
131.4012,6.0,0.0,1.0,0.0
131.4987,6.0,0.0,1.0,0.0
131.5013,6.0,0.0,1.0,0.0
131.5988,6.0,0.0,1.0,0.0
131.6013,6.0,0.0,1.0,0.0
131.6987,6.0,0.0,1.0,0.0
131.7012,6.0,0.0,1.0,0.0
131.7988,6.0,0.0,1.0,0.0
131.8013,6.0,0.0,1.0,0.0
131.8987,6.0,0.0,1.0,0.0
131.9012,6.0,0.0,1.0,0.0
131.9987,6.0,0.0,1.0,0.0
132.0013,6.0,0.0,1.0,0.0
132.0988,6.0,0.0,1.0,0.0
132.1013,6.0,0.0,1.0,0.0
132.1987,6.0,0.0,1.0,0.0
132.2012,6.0,0.0,1.0,0.0
132.2988,6.0,0.0,1.0,0.0
132.3013,6.0,0.0,1.0,0.0
132.3987,6.0,0.0,1.0,0.0
132.4012,6.0,0.0,1.0,0.0
132.4987,6.0,0.0,1.0,0.0
132.5013,6.0,0.0,1.0,0.0
132.5988,6.0,0.0,1.0,0.0
132.6013,6.0,0.0,1.0,0.0
132.6987,6.0,0.0,1.0,0.0
132.7012,6.0,0.0,1.0,0.0
132.7988,6.0,0.0,1.0,0.0
132.8013,6.0,0.0,1.0,0.0
132.8987,6.0,0.0,1.0,0.0
132.9012,6.0,0.0,1.0,0.0
132.9987,6.0,0.0,1.0,0.0
133.0013,6.0,0.0,1.0,0.0
133.0988,6.0,0.0,1.0,0.0
133.1013,6.0,0.0,1.0,0.0
133.1987,6.0,0.0,1.0,0.0
133.2012,6.0,0.0,1.0,0.0
133.2988,6.0,0.0,1.0,0.0
133.3013,6.0,0.0,1.0,0.0
133.3987,6.0,0.0,1.0,0.0
133.4012,6.0,0.0,1.0,0.0
133.4987,6.0,0.0,1.0,0.0
133.5013,6.0,0.0,1.0,0.0
133.5988,6.0,0.0,1.0,0.0
133.6013,6.0,0.0,1.0,0.0
133.6987,6.0,0.0,1.0,0.0
133.7012,6.0,0.0,1.0,0.0
133.7988,6.0,0.0,1.0,0.0
133.8013,6.0,0.0,1.0,0.0
133.8987,6.0,0.0,1.0,0.0
133.9012,6.0,0.0,1.0,0.0
133.9987,6.0,0.0,1.0,0.0
134.0013,6.0,0.0,1.0,0.0
134.0988,6.0,0.0,1.0,0.0
134.1013,6.0,0.0,1.0,0.0
134.1987,6.0,0.0,1.0,0.0
134.2012,6.0,0.0,1.0,0.0
134.2988,6.0,0.0,1.0,0.0
134.3013,6.0,0.0,1.0,0.0
134.3987,6.0,0.0,1.0,0.0
134.4012,6.0,0.0,1.0,0.0
134.4987,6.0,0.0,1.0,0.0
134.5013,6.0,0.0,1.0,0.0
134.5988,6.0,0.0,1.0,0.0
134.6013,6.0,0.0,1.0,0.0
134.6987,6.0,0.0,1.0,0.0
134.7012,6.0,0.0,1.0,0.0
134.7988,6.0,0.0,1.0,0.0
134.8013,6.0,0.0,1.0,0.0
134.8987,6.0,0.0,1.0,0.0
134.9012,6.0,0.0,1.0,0.0
134.9987,6.0,0.0,1.0,0.0
135.0013,6.0,0.0,1.0,0.0
135.0988,6.0,0.0,1.0,0.0
135.1013,6.0,0.0,1.0,0.0
135.1987,6.0,0.0,1.0,0.0
135.2012,6.0,0.0,1.0,0.0
135.2988,6.0,0.0,1.0,0.0
135.3013,6.0,0.0,1.0,0.0
135.3987,6.0,0.0,1.0,0.0
135.4012,6.0,0.0,1.0,0.0
135.4987,6.0,0.0,1.0,0.0
135.5013,6.0,0.0,1.0,0.0
135.5988,6.0,0.0,1.0,0.0
135.6013,6.0,0.0,1.0,0.0
135.6987,6.0,0.0,1.0,0.0
135.7012,6.0,0.0,1.0,0.0
135.7988,6.0,0.0,1.0,0.0
135.8013,6.0,0.0,1.0,0.0
135.8987,6.0,0.0,1.0,0.0
135.9012,6.0,0.0,1.0,0.0
135.9987,6.0,0.0,1.0,0.0
136.0013,6.0,0.0,1.0,0.0
136.0988,6.0,0.0,1.0,0.0
136.1013,6.0,0.0,1.0,0.0
136.1987,6.0,0.0,1.0,0.0
136.2012,6.0,0.0,1.0,0.0
136.2988,6.0,0.0,1.0,0.0
136.3013,6.0,0.0,1.0,0.0
136.3987,6.0,0.0,1.0,0.0
136.4012,6.0,0.0,1.0,0.0
136.4987,6.0,0.0,1.0,0.0
136.5013,6.0,0.0,1.0,0.0
136.5988,6.0,0.0,1.0,0.0
136.6013,6.0,0.0,1.0,0.0
136.6987,6.0,0.0,1.0,0.0
136.7012,6.0,0.0,1.0,0.0
136.7988,6.0,0.0,1.0,0.0
136.8013,6.0,0.0,1.0,0.0
136.8987,6.0,0.0,1.0,0.0
136.9012,6.0,0.0,1.0,0.0
136.9987,6.0,0.0,1.0,0.0
137.0013,6.0,0.0,1.0,0.0
137.0988,6.0,0.0,1.0,0.0
137.1013,6.0,0.0,1.0,0.0
137.1987,6.0,0.0,1.0,0.0
137.2012,6.0,0.0,1.0,0.0
137.2988,6.0,0.0,1.0,0.0
137.3013,6.0,0.0,1.0,0.0
137.3987,6.0,0.0,1.0,0.0
137.4012,6.0,0.0,1.0,0.0
137.4987,6.0,0.0,1.0,0.0
137.5013,6.0,0.0,1.0,0.0
137.5988,6.0,0.0,1.0,0.0
137.6013,6.0,0.0,1.0,0.0
137.6987,6.0,0.0,1.0,0.0
137.7012,6.0,0.0,1.0,0.0
137.7988,6.0,0.0,1.0,0.0
137.8013,6.0,0.0,1.0,0.0
137.8987,6.0,0.0,1.0,0.0
137.9012,6.0,0.0,1.0,0.0
137.9987,6.0,0.0,1.0,0.0
138.0013,6.0,0.0,1.0,0.0
138.0988,6.0,0.0,1.0,0.0
138.1013,6.0,0.0,1.0,0.0
138.1987,6.0,0.0,1.0,0.0
138.2012,6.0,0.0,1.0,0.0
138.2988,6.0,0.0,1.0,0.0
138.3013,6.0,0.0,1.0,0.0
138.3987,6.0,0.0,1.0,0.0
138.4012,6.0,0.0,1.0,0.0
138.4987,6.0,0.0,1.0,0.0
138.5013,6.0,0.0,1.0,0.0
138.5988,6.0,0.0,1.0,0.0
138.6013,6.0,0.0,1.0,0.0
138.6987,6.0,0.0,1.0,0.0
138.7012,6.0,0.0,1.0,0.0
138.7988,6.0,0.0,1.0,0.0
138.8013,6.0,0.0,1.0,0.0
138.8987,6.0,0.0,1.0,0.0
138.9012,6.0,0.0,1.0,0.0
138.9987,6.0,0.0,1.0,0.0
139.0013,6.0,0.0,1.0,0.0
139.0988,6.0,0.0,1.0,0.0
139.1013,6.0,0.0,1.0,0.0
139.1987,6.0,0.0,1.0,0.0
139.2012,6.0,0.0,1.0,0.0
139.2988,6.0,0.0,1.0,0.0
139.3013,6.0,0.0,1.0,0.0
139.3987,6.0,0.0,1.0,0.0
139.4012,6.0,0.0,1.0,0.0
139.4987,6.0,0.0,1.0,0.0
139.5013,6.0,0.0,1.0,0.0
139.5988,6.0,0.0,1.0,0.0
139.6013,6.0,0.0,1.0,0.0
139.6987,6.0,0.0,1.0,0.0
139.7012,6.0,0.0,1.0,0.0
139.7988,6.0,0.0,1.0,0.0
139.8013,6.0,0.0,1.0,0.0
139.8987,6.0,0.0,1.0,0.0
139.9012,6.0,0.0,1.0,0.0
139.9987,6.0,0.0,1.0,0.0
140.0013,6.0,0.0,1.0,0.0
140.0988,6.0,0.0,1.0,0.0
140.1013,6.0,0.0,1.0,0.0
140.1987,6.0,0.0,1.0,0.0
140.2012,6.0,0.0,1.0,0.0
140.2988,6.0,0.0,1.0,0.0
140.3013,6.0,0.0,1.0,0.0
140.3987,6.0,0.0,1.0,0.0
140.4012,6.0,0.0,1.0,0.0
140.4987,6.0,0.0,1.0,0.0
140.5013,6.0,0.0,1.0,0.0
140.5988,6.0,0.0,1.0,0.0
140.6013,6.0,0.0,1.0,0.0
140.6987,6.0,0.0,1.0,0.0
140.7012,6.0,0.0,1.0,0.0
140.7988,6.0,0.0,1.0,0.0
140.8013,6.0,0.0,1.0,0.0
140.8987,6.0,0.0,1.0,0.0
140.9012,6.0,0.0,1.0,0.0
140.9987,6.0,0.0,1.0,0.0
141.0013,6.0,0.0,1.0,0.0
141.0988,6.0,0.0,1.0,0.0
141.1013,6.0,0.0,1.0,0.0
141.1987,6.0,0.0,1.0,0.0
141.2012,6.0,0.0,1.0,0.0
141.2988,6.0,0.0,1.0,0.0
141.3013,6.0,0.0,1.0,0.0
141.3987,6.0,0.0,1.0,0.0
141.4012,6.0,0.0,1.0,0.0
141.4987,6.0,0.0,1.0,0.0
141.5013,6.0,0.0,1.0,0.0
141.5988,6.0,0.0,1.0,0.0
141.6013,6.0,0.0,1.0,0.0
141.6987,6.0,0.0,1.0,0.0
141.7012,6.0,0.0,1.0,0.0
141.7988,6.0,0.0,1.0,0.0
141.8013,6.0,0.0,1.0,0.0
141.8987,6.0,0.0,1.0,0.0
141.9012,6.0,0.0,1.0,0.0
141.9987,6.0,0.0,1.0,0.0
142.0013,6.0,0.0,1.0,0.0
142.0988,6.0,0.0,1.0,0.0
142.1013,6.0,0.0,1.0,0.0
142.1987,6.0,0.0,1.0,0.0
142.2012,6.0,0.0,1.0,0.0
142.2988,6.0,0.0,1.0,0.0
142.3013,6.0,0.0,1.0,0.0
142.3987,6.0,0.0,1.0,0.0
142.4012,6.0,0.0,1.0,0.0
142.4987,6.0,0.0,1.0,0.0
142.5013,6.0,0.0,1.0,0.0
142.5988,6.0,0.0,1.0,0.0
142.6013,6.0,0.0,1.0,0.0
142.6987,6.0,0.0,1.0,0.0
142.7012,6.0,0.0,1.0,0.0
142.7988,6.0,0.0,1.0,0.0
142.8013,6.0,0.0,1.0,0.0
142.8987,6.0,0.0,1.0,0.0
142.9012,6.0,0.0,1.0,0.0
142.9987,6.0,0.0,1.0,0.0
143.0013,6.0,0.0,1.0,0.0
143.0988,6.0,0.0,1.0,0.0
143.1013,6.0,0.0,1.0,0.0
143.1987,6.0,0.0,1.0,0.0
143.2012,6.0,0.0,1.0,0.0
143.2988,6.0,0.0,1.0,0.0
143.3013,6.0,0.0,1.0,0.0
143.3987,6.0,0.0,1.0,0.0
143.4012,6.0,0.0,1.0,0.0
143.4987,6.0,0.0,1.0,0.0
143.5013,6.0,0.0,1.0,0.0
143.5988,6.0,0.0,1.0,0.0
143.6013,6.0,0.0,1.0,0.0
143.6987,6.0,0.0,1.0,0.0
143.7012,6.0,0.0,1.0,0.0
143.7988,6.0,0.0,1.0,0.0
143.8013,6.0,0.0,1.0,0.0
143.8987,6.0,0.0,1.0,0.0
143.9012,6.0,0.0,1.0,0.0
143.9987,6.0,0.0,1.0,0.0
144.0013,6.0,0.0,1.0,0.0
144.0988,6.0,0.0,1.0,0.0
144.1013,6.0,0.0,1.0,0.0
144.1987,6.0,0.0,1.0,0.0
144.2012,6.0,0.0,1.0,0.0
144.2988,6.0,0.0,1.0,0.0
144.3013,6.0,0.0,1.0,0.0
144.3987,6.0,0.0,1.0,0.0
144.4012,6.0,0.0,1.0,0.0
144.4987,6.0,0.0,1.0,0.0
144.5013,6.0,0.0,1.0,0.0
144.5988,6.0,0.0,1.0,0.0
144.6013,6.0,0.0,1.0,0.0
144.6987,6.0,0.0,1.0,0.0
144.7012,6.0,0.0,1.0,0.0
144.7988,6.0,0.0,1.0,0.0
144.8013,6.0,0.0,1.0,0.0
144.8987,6.0,0.0,1.0,0.0
144.9012,6.0,0.0,1.0,0.0
144.9987,6.0,0.0,1.0,0.0
145.0013,6.0,0.0,1.0,0.0
145.0988,6.0,0.0,1.0,0.0
145.1013,6.0,0.0,1.0,0.0
145.1987,6.0,0.0,1.0,0.0
145.2012,6.0,0.0,1.0,0.0
145.2988,6.0,0.0,1.0,0.0
145.3013,6.0,0.0,1.0,0.0
145.3987,6.0,0.0,1.0,0.0
145.4012,6.0,0.0,1.0,0.0
145.4987,6.0,0.0,1.0,0.0
145.5013,6.0,0.0,1.0,0.0
145.5988,6.0,0.0,1.0,0.0
145.6013,6.0,0.0,1.0,0.0
145.6987,6.0,0.0,1.0,0.0
145.7012,6.0,0.0,1.0,0.0
145.7988,6.0,0.0,1.0,0.0
145.8013,6.0,0.0,1.0,0.0
145.8987,6.0,0.0,1.0,0.0
145.9012,6.0,0.0,1.0,0.0
145.9987,6.0,0.0,1.0,0.0
146.0013,6.0,0.0,1.0,0.0
146.0988,6.0,0.0,1.0,0.0
146.1013,6.0,0.0,1.0,0.0
146.1987,6.0,0.0,1.0,0.0
146.2012,6.0,0.0,1.0,0.0
146.2988,6.0,0.0,1.0,0.0
146.3013,6.0,0.0,1.0,0.0
146.3987,6.0,0.0,1.0,0.0
146.4012,6.0,0.0,1.0,0.0
146.4987,6.0,0.0,1.0,0.0
146.5013,6.0,0.0,1.0,0.0
146.5988,6.0,0.0,1.0,0.0
146.6013,6.0,0.0,1.0,0.0
146.6987,6.0,0.0,1.0,0.0
146.7012,6.0,0.0,1.0,0.0
146.7988,6.0,0.0,1.0,0.0
146.8013,6.0,0.0,1.0,0.0
146.8987,6.0,0.0,1.0,0.0
146.9012,6.0,0.0,1.0,0.0
146.9987,6.0,0.0,1.0,0.0
147.0013,6.0,0.0,1.0,0.0
147.0988,6.0,0.0,1.0,0.0
147.1013,6.0,0.0,1.0,0.0
147.1987,6.0,0.0,1.0,0.0
147.2012,6.0,0.0,1.0,0.0
147.2988,6.0,0.0,1.0,0.0
147.3013,6.0,0.0,1.0,0.0
147.3987,6.0,0.0,1.0,0.0
147.4012,6.0,0.0,1.0,0.0
147.4987,6.0,0.0,1.0,0.0
147.5013,6.0,0.0,1.0,0.0
147.5988,6.0,0.0,1.0,0.0
147.6013,6.0,0.0,1.0,0.0
147.6987,6.0,0.0,1.0,0.0
147.7012,6.0,0.0,1.0,0.0
147.7988,6.0,0.0,1.0,0.0
147.8013,6.0,0.0,1.0,0.0
147.8987,6.0,0.0,1.0,0.0
147.9012,6.0,0.0,1.0,0.0
147.9987,6.0,0.0,1.0,0.0
148.0013,6.0,0.0,1.0,0.0
148.0988,6.0,0.0,1.0,0.0
148.1013,6.0,0.0,1.0,0.0
148.1987,6.0,0.0,1.0,0.0
148.2012,6.0,0.0,1.0,0.0
148.2988,6.0,0.0,1.0,0.0
148.3013,6.0,0.0,1.0,0.0
148.3987,6.0,0.0,1.0,0.0
148.4012,6.0,0.0,1.0,0.0
148.4987,6.0,0.0,1.0,0.0
148.5013,6.0,0.0,1.0,0.0
148.5988,6.0,0.0,1.0,0.0
148.6013,6.0,0.0,1.0,0.0
148.6987,6.0,0.0,1.0,0.0
148.7012,6.0,0.0,1.0,0.0
148.7988,6.0,0.0,1.0,0.0
148.8013,6.0,0.0,1.0,0.0
148.8987,6.0,0.0,1.0,0.0
148.9012,6.0,0.0,1.0,0.0
148.9987,6.0,0.0,1.0,0.0
149.0013,6.0,0.0,1.0,0.0
149.0988,6.0,0.0,1.0,0.0
149.1013,6.0,0.0,1.0,0.0
149.1987,6.0,0.0,1.0,0.0
149.2012,6.0,0.0,1.0,0.0
149.2988,6.0,0.0,1.0,0.0
149.3013,6.0,0.0,1.0,0.0
149.3987,6.0,0.0,1.0,0.0
149.4012,6.0,0.0,1.0,0.0
149.4987,6.0,0.0,1.0,0.0
149.5013,6.0,0.0,1.0,0.0
149.5988,6.0,0.0,1.0,0.0
149.6013,6.0,0.0,1.0,0.0
149.6987,6.0,0.0,1.0,0.0
149.7012,6.0,0.0,1.0,0.0
149.7988,6.0,0.0,1.0,0.0
149.8013,6.0,0.0,1.0,0.0
149.8987,6.0,0.0,1.0,0.0
149.9012,6.0,0.0,1.0,0.0
149.9987,6.0,0.0,1.0,0.0
150.0013,6.0,0.0,1.0,0.0
150.0988,6.0,0.0,1.0,0.0
150.1013,6.0,0.0,1.0,0.0
150.1987,6.0,0.0,1.0,0.0
150.2012,6.0,0.0,1.0,0.0
150.2988,6.0,0.0,1.0,0.0
150.3013,6.0,0.0,1.0,0.0
150.3987,6.0,0.0,1.0,0.0
150.4012,6.0,0.0,1.0,0.0
150.4987,6.0,0.0,1.0,0.0
150.5013,6.0,0.0,1.0,0.0
150.5988,6.0,0.0,1.0,0.0
150.6013,6.0,0.0,1.0,0.0
150.6987,6.0,0.0,1.0,0.0
150.7012,6.0,0.0,1.0,0.0
150.7988,6.0,0.0,1.0,0.0
150.8013,6.0,0.0,1.0,0.0
150.8987,6.0,0.0,1.0,0.0
150.9012,6.0,0.0,1.0,0.0
150.9987,6.0,0.0,1.0,0.0
151.0013,6.0,0.0,1.0,0.0
151.0988,6.0,0.0,1.0,0.0
151.1013,6.0,0.0,1.0,0.0
151.1987,6.0,0.0,1.0,0.0
151.2012,6.0,0.0,1.0,0.0
151.2988,6.0,0.0,1.0,0.0
151.3013,6.0,0.0,1.0,0.0
151.3987,6.0,0.0,1.0,0.0
151.4012,6.0,0.0,1.0,0.0
151.4987,6.0,0.0,1.0,0.0
151.5013,6.0,0.0,1.0,0.0
151.5988,6.0,0.0,1.0,0.0
151.6013,6.0,0.0,1.0,0.0
151.6987,6.0,0.0,1.0,0.0
151.7012,6.0,0.0,1.0,0.0
151.7988,6.0,0.0,1.0,0.0
151.8013,6.0,0.0,1.0,0.0
151.8987,6.0,0.0,1.0,0.0
151.9012,6.0,0.0,1.0,0.0
151.9987,6.0,0.0,1.0,0.0
152.0013,6.0,0.0,1.0,0.0
152.0988,6.0,0.0,1.0,0.0
152.1013,6.0,0.0,1.0,0.0
152.1987,6.0,0.0,1.0,0.0
152.2012,6.0,0.0,1.0,0.0
152.2988,6.0,0.0,1.0,0.0
152.3013,6.0,0.0,1.0,0.0
152.3987,6.0,0.0,1.0,0.0
152.4012,6.0,0.0,1.0,0.0
152.4987,6.0,0.0,1.0,0.0
152.5013,6.0,0.0,1.0,0.0
152.5988,6.0,0.0,1.0,0.0
152.6013,6.0,0.0,1.0,0.0
152.6987,6.0,0.0,1.0,0.0
152.7012,6.0,0.0,1.0,0.0
152.7988,6.0,0.0,1.0,0.0
152.8013,6.0,0.0,1.0,0.0
152.8987,6.0,0.0,1.0,0.0
152.9012,6.0,0.0,1.0,0.0
152.9987,6.0,0.0,1.0,0.0
153.0013,6.0,0.0,1.0,0.0
153.0988,6.0,0.0,1.0,0.0
153.1013,6.0,0.0,1.0,0.0
153.1987,6.0,0.0,1.0,0.0
153.2012,6.0,0.0,1.0,0.0
153.2988,6.0,0.0,1.0,0.0
153.3013,6.0,0.0,1.0,0.0
153.3987,6.0,0.0,1.0,0.0
153.4012,6.0,0.0,1.0,0.0
153.4987,6.0,0.0,1.0,0.0
153.5013,6.0,0.0,1.0,0.0
153.5988,6.0,0.0,1.0,0.0
153.6013,6.0,0.0,1.0,0.0
153.6987,6.0,0.0,1.0,0.0
153.7012,6.0,0.0,1.0,0.0
153.7988,6.0,0.0,1.0,0.0
153.8013,6.0,0.0,1.0,0.0
153.8987,6.0,0.0,1.0,0.0
153.9012,6.0,0.0,1.0,0.0
153.9987,6.0,0.0,1.0,0.0
154.0013,6.0,0.0,1.0,0.0
154.0988,6.0,0.0,1.0,0.0
154.1013,6.0,0.0,1.0,0.0
154.1987,6.0,0.0,1.0,0.0
154.2012,6.0,0.0,1.0,0.0
154.2988,6.0,0.0,1.0,0.0
154.3013,6.0,0.0,1.0,0.0
154.3987,6.0,0.0,1.0,0.0
154.4012,6.0,0.0,1.0,0.0
154.4987,6.0,0.0,1.0,0.0
154.5013,6.0,0.0,1.0,0.0
154.5988,6.0,0.0,1.0,0.0
154.6013,6.0,0.0,1.0,0.0
154.6987,6.0,0.0,1.0,0.0
154.7012,6.0,0.0,1.0,0.0
154.7988,6.0,0.0,1.0,0.0
154.8013,6.0,0.0,1.0,0.0
154.8987,6.0,0.0,1.0,0.0
154.9012,6.0,0.0,1.0,0.0
154.9987,6.0,0.0,1.0,0.0
155.0013,6.0,0.0,1.0,0.0
155.0988,6.0,0.0,1.0,0.0
155.1013,6.0,0.0,1.0,0.0
155.1987,6.0,0.0,1.0,0.0
155.2012,6.0,0.0,1.0,0.0
155.2988,6.0,0.0,1.0,0.0
155.3013,6.0,0.0,1.0,0.0
155.3987,6.0,0.0,1.0,0.0
155.4012,6.0,0.0,1.0,0.0
155.4987,6.0,0.0,1.0,0.0
155.5013,6.0,0.0,1.0,0.0
155.5988,6.0,0.0,1.0,0.0
155.6013,6.0,0.0,1.0,0.0
155.6987,6.0,0.0,1.0,0.0
155.7012,6.0,0.0,1.0,0.0
155.7988,6.0,0.0,1.0,0.0
155.8013,6.0,0.0,1.0,0.0
155.8987,6.0,0.0,1.0,0.0
155.9012,6.0,0.0,1.0,0.0
155.9987,6.0,0.0,1.0,0.0
156.0013,6.0,0.0,1.0,0.0
156.0988,6.0,0.0,1.0,0.0
156.1013,6.0,0.0,1.0,0.0
156.1987,6.0,0.0,1.0,0.0
156.2012,6.0,0.0,1.0,0.0
156.2988,6.0,0.0,1.0,0.0
156.3013,6.0,0.0,1.0,0.0
156.3987,6.0,0.0,1.0,0.0
156.4012,6.0,0.0,1.0,0.0
156.4987,6.0,0.0,1.0,0.0
156.5013,6.0,0.0,1.0,0.0
156.5988,6.0,0.0,1.0,0.0
156.6013,6.0,0.0,1.0,0.0
156.6987,6.0,0.0,1.0,0.0
156.7012,6.0,0.0,1.0,0.0
156.7988,6.0,0.0,1.0,0.0
156.8013,6.0,0.0,1.0,0.0
156.8987,6.0,0.0,1.0,0.0
156.9012,6.0,0.0,1.0,0.0
156.9987,6.0,0.0,1.0,0.0
157.0013,6.0,0.0,1.0,0.0
157.0988,6.0,0.0,1.0,0.0
157.1013,6.0,0.0,1.0,0.0
157.1987,6.0,0.0,1.0,0.0
157.2012,6.0,0.0,1.0,0.0
157.2988,6.0,0.0,1.0,0.0
157.3013,6.0,0.0,1.0,0.0
157.3987,6.0,0.0,1.0,0.0
157.4012,6.0,0.0,1.0,0.0
157.4987,6.0,0.0,1.0,0.0
157.5013,6.0,0.0,1.0,0.0
157.5988,6.0,0.0,1.0,0.0
157.6013,6.0,0.0,1.0,0.0
157.6987,6.0,0.0,1.0,0.0
157.7012,6.0,0.0,1.0,0.0
157.7988,6.0,0.0,1.0,0.0
157.8013,6.0,0.0,1.0,0.0
157.8987,6.0,0.0,1.0,0.0
157.9012,6.0,0.0,1.0,0.0
157.9987,6.0,0.0,1.0,0.0
158.0013,6.0,0.0,1.0,0.0
158.0988,6.0,0.0,1.0,0.0
158.1013,6.0,0.0,1.0,0.0
158.1987,6.0,0.0,1.0,0.0
158.2012,6.0,0.0,1.0,0.0
158.2988,6.0,0.0,1.0,0.0
158.3013,6.0,0.0,1.0,0.0
158.3987,6.0,0.0,1.0,0.0
158.4012,6.0,0.0,1.0,0.0
158.4987,6.0,0.0,1.0,0.0
158.5013,6.0,0.0,1.0,0.0
158.5988,6.0,0.0,1.0,0.0
158.6013,6.0,0.0,1.0,0.0
158.6987,6.0,0.0,1.0,0.0
158.7012,6.0,0.0,1.0,0.0
158.7988,6.0,0.0,1.0,0.0
158.8013,6.0,0.0,1.0,0.0
158.8987,6.0,0.0,1.0,0.0
158.9012,6.0,0.0,1.0,0.0
158.9987,6.0,0.0,1.0,0.0
159.0013,6.0,0.0,1.0,0.0
159.0988,6.0,0.0,1.0,0.0
159.1013,6.0,0.0,1.0,0.0
159.1987,6.0,0.0,1.0,0.0
159.2012,6.0,0.0,1.0,0.0
159.2988,6.0,0.0,1.0,0.0
159.3013,6.0,0.0,1.0,0.0
159.3987,6.0,0.0,1.0,0.0
159.4012,6.0,0.0,1.0,0.0
159.4987,6.0,0.0,1.0,0.0
159.5013,6.0,0.0,1.0,0.0
159.5988,6.0,0.0,1.0,0.0
159.6013,6.0,0.0,1.0,0.0
159.6987,6.0,0.0,1.0,0.0
159.7012,6.0,0.0,1.0,0.0
159.7988,6.0,0.0,1.0,0.0
159.8013,6.0,0.0,1.0,0.0
159.8987,6.0,0.0,1.0,0.0
159.9012,6.0,0.0,1.0,0.0
159.9987,6.0,0.0,1.0,0.0
160.0013,6.0,0.0,1.0,0.0
160.0988,6.0,0.0,1.0,0.0
160.1013,6.0,0.0,1.0,0.0
160.1987,6.0,0.0,1.0,0.0
160.2012,6.0,0.0,1.0,0.0
160.2988,6.0,0.0,1.0,0.0
160.3013,6.0,0.0,1.0,0.0
160.3987,6.0,0.0,1.0,0.0
160.4012,6.0,0.0,1.0,0.0
160.4987,6.0,0.0,1.0,0.0
160.5013,6.0,0.0,1.0,0.0
160.5988,6.0,0.0,1.0,0.0
160.6013,6.0,0.0,1.0,0.0
160.6987,6.0,0.0,1.0,0.0
160.7012,6.0,0.0,1.0,0.0
160.7988,6.0,0.0,1.0,0.0
160.8013,6.0,0.0,1.0,0.0
160.8987,6.0,0.0,1.0,0.0
160.9012,6.0,0.0,1.0,0.0
160.9987,6.0,0.0,1.0,0.0
161.0013,6.0,0.0,1.0,0.0
161.0988,6.0,0.0,1.0,0.0
161.1013,6.0,0.0,1.0,0.0
161.1987,6.0,0.0,1.0,0.0
161.2012,6.0,0.0,1.0,0.0
161.2988,6.0,0.0,1.0,0.0
161.3013,6.0,0.0,1.0,0.0
161.3987,6.0,0.0,1.0,0.0
161.4012,6.0,0.0,1.0,0.0
161.4987,6.0,0.0,1.0,0.0
161.5013,6.0,0.0,1.0,0.0
161.5988,6.0,0.0,1.0,0.0
161.6013,6.0,0.0,1.0,0.0
161.6987,6.0,0.0,1.0,0.0
161.7012,6.0,0.0,1.0,0.0
161.7988,6.0,0.0,1.0,0.0
161.8013,6.0,0.0,1.0,0.0
161.8987,6.0,0.0,1.0,0.0
161.9012,6.0,0.0,1.0,0.0
161.9987,6.0,0.0,1.0,0.0
162.0013,6.0,0.0,1.0,0.0
162.0988,6.0,0.0,1.0,0.0
162.1013,6.0,0.0,1.0,0.0
162.1987,6.0,0.0,1.0,0.0
162.2012,6.0,0.0,1.0,0.0
162.2988,6.0,0.0,1.0,0.0
162.3013,6.0,0.0,1.0,0.0
162.3987,6.0,0.0,1.0,0.0
162.4012,6.0,0.0,1.0,0.0
162.4987,6.0,0.0,1.0,0.0
162.5013,6.0,0.0,1.0,0.0
162.5988,6.0,0.0,1.0,0.0
162.6013,6.0,0.0,1.0,0.0
162.6987,6.0,0.0,1.0,0.0
162.7012,6.0,0.0,1.0,0.0
162.7988,6.0,0.0,1.0,0.0
162.8013,6.0,0.0,1.0,0.0
162.8987,6.0,0.0,1.0,0.0
162.9012,6.0,0.0,1.0,0.0
162.9987,6.0,0.0,1.0,0.0
163.0013,6.0,0.0,1.0,0.0
163.0988,6.0,0.0,1.0,0.0
163.1013,6.0,0.0,1.0,0.0
163.1987,6.0,0.0,1.0,0.0
163.2012,6.0,0.0,1.0,0.0
163.2988,6.0,0.0,1.0,0.0
163.3013,6.0,0.0,1.0,0.0
163.3987,6.0,0.0,1.0,0.0
163.4012,6.0,0.0,1.0,0.0
163.4987,6.0,0.0,1.0,0.0
163.5013,6.0,0.0,1.0,0.0
163.5988,6.0,0.0,1.0,0.0
163.6013,6.0,0.0,1.0,0.0
163.6987,6.0,0.0,1.0,0.0
163.7012,6.0,0.0,1.0,0.0
163.7988,6.0,0.0,1.0,0.0
163.8013,6.0,0.0,1.0,0.0
163.8987,6.0,0.0,1.0,0.0
163.9012,6.0,0.0,1.0,0.0
163.9987,6.0,0.0,1.0,0.0
164.0013,6.0,0.0,1.0,0.0
164.0988,6.0,0.0,1.0,0.0
164.1013,6.0,0.0,1.0,0.0
164.1987,6.0,0.0,1.0,0.0
164.2012,6.0,0.0,1.0,0.0
164.2988,6.0,0.0,1.0,0.0
164.3013,6.0,0.0,1.0,0.0
164.3987,6.0,0.0,1.0,0.0
164.4012,6.0,0.0,1.0,0.0
164.4987,6.0,0.0,1.0,0.0
164.5013,6.0,0.0,1.0,0.0
164.5988,6.0,0.0,1.0,0.0
164.6013,6.0,0.0,1.0,0.0
164.6987,6.0,0.0,1.0,0.0
164.7012,6.0,0.0,1.0,0.0
164.7988,6.0,0.0,1.0,0.0
164.8013,6.0,0.0,1.0,0.0
164.8987,6.0,0.0,1.0,0.0
164.9012,6.0,0.0,1.0,0.0
164.9987,6.0,0.0,1.0,0.0
165.0013,6.0,0.0,1.0,0.0
165.0988,6.0,0.0,1.0,0.0
165.1013,6.0,0.0,1.0,0.0
165.1987,6.0,0.0,1.0,0.0
165.2012,6.0,0.0,1.0,0.0
165.2988,6.0,0.0,1.0,0.0
165.3013,6.0,0.0,1.0,0.0
165.3987,6.0,0.0,1.0,0.0
165.4012,6.0,0.0,1.0,0.0
165.4987,6.0,0.0,1.0,0.0
165.5013,6.0,0.0,1.0,0.0
165.5988,6.0,0.0,1.0,0.0
165.6013,6.0,0.0,1.0,0.0
165.6987,6.0,0.0,1.0,0.0
165.7012,6.0,0.0,1.0,0.0
165.7988,6.0,0.0,1.0,0.0
165.8013,6.0,0.0,1.0,0.0
165.8987,6.0,0.0,1.0,0.0
165.9012,6.0,0.0,1.0,0.0
165.9987,6.0,0.0,1.0,0.0
166.0013,6.0,0.0,1.0,0.0
166.0988,6.0,0.0,1.0,0.0
166.1013,6.0,0.0,1.0,0.0
166.1987,6.0,0.0,1.0,0.0
166.2012,6.0,0.0,1.0,0.0
166.2988,6.0,0.0,1.0,0.0
166.3013,6.0,0.0,1.0,0.0
166.3987,6.0,0.0,1.0,0.0
166.4012,6.0,0.0,1.0,0.0
166.4987,6.0,0.0,1.0,0.0
166.5013,6.0,0.0,1.0,0.0
166.5988,6.0,0.0,1.0,0.0
166.6013,6.0,0.0,1.0,0.0
166.6987,6.0,0.0,1.0,0.0
166.7012,6.0,0.0,1.0,0.0
166.7988,6.0,0.0,1.0,0.0
166.8013,6.0,0.0,1.0,0.0
166.8987,6.0,0.0,1.0,0.0
166.9012,6.0,0.0,1.0,0.0
166.9987,6.0,0.0,1.0,0.0
167.0013,6.0,0.0,1.0,0.0
167.0988,6.0,0.0,1.0,0.0
167.1013,6.0,0.0,1.0,0.0
167.1987,6.0,0.0,1.0,0.0
167.2012,6.0,0.0,1.0,0.0
167.2988,6.0,0.0,1.0,0.0
167.3013,6.0,0.0,1.0,0.0
167.3987,6.0,0.0,1.0,0.0
167.4012,6.0,0.0,1.0,0.0
167.4987,6.0,0.0,1.0,0.0
167.5013,6.0,0.0,1.0,0.0
167.5988,6.0,0.0,1.0,0.0
167.6013,6.0,0.0,1.0,0.0
167.6987,6.0,0.0,1.0,0.0
167.7012,6.0,0.0,1.0,0.0
167.7988,6.0,0.0,1.0,0.0
167.8013,6.0,0.0,1.0,0.0
167.8987,6.0,0.0,1.0,0.0
167.9012,6.0,0.0,1.0,0.0
167.9987,6.0,0.0,1.0,0.0
168.0013,6.0,0.0,1.0,0.0
168.0988,6.0,0.0,1.0,0.0
168.1013,6.0,0.0,1.0,0.0
168.1987,6.0,0.0,1.0,0.0
168.2012,6.0,0.0,1.0,0.0
168.2988,6.0,0.0,1.0,0.0
168.3013,6.0,0.0,1.0,0.0
168.3987,6.0,0.0,1.0,0.0
168.4012,6.0,0.0,1.0,0.0
168.4987,6.0,0.0,1.0,0.0
168.5013,6.0,0.0,1.0,0.0
168.5988,6.0,0.0,1.0,0.0
168.6013,6.0,0.0,1.0,0.0
168.6987,6.0,0.0,1.0,0.0
168.7012,6.0,0.0,1.0,0.0
168.7988,6.0,0.0,1.0,0.0
168.8013,6.0,0.0,1.0,0.0
168.8987,6.0,0.0,1.0,0.0
168.9012,6.0,0.0,1.0,0.0
168.9987,6.0,0.0,1.0,0.0
169.0013,6.0,0.0,1.0,0.0
169.0988,6.0,0.0,1.0,0.0
169.1013,6.0,0.0,1.0,0.0
169.1987,6.0,0.0,1.0,0.0
169.2012,6.0,0.0,1.0,0.0
169.2988,6.0,0.0,1.0,0.0
169.3013,6.0,0.0,1.0,0.0
169.3987,6.0,0.0,1.0,0.0
169.4012,6.0,0.0,1.0,0.0
169.4987,6.0,0.0,1.0,0.0
169.5013,6.0,0.0,1.0,0.0
169.5988,6.0,0.0,1.0,0.0
169.6013,6.0,0.0,1.0,0.0
169.6987,6.0,0.0,1.0,0.0
169.7012,6.0,0.0,1.0,0.0
169.7988,6.0,0.0,1.0,0.0
169.8013,6.0,0.0,1.0,0.0
169.8987,6.0,0.0,1.0,0.0
169.9012,6.0,0.0,1.0,0.0
169.9987,6.0,0.0,1.0,0.0
170.0013,6.0,0.0,1.0,0.0
170.0988,6.0,0.0,1.0,0.0
170.1013,6.0,0.0,1.0,0.0
170.1987,6.0,0.0,1.0,0.0
170.2012,6.0,0.0,1.0,0.0
170.2988,6.0,0.0,1.0,0.0
170.3013,6.0,0.0,1.0,0.0
170.3987,6.0,0.0,1.0,0.0
170.4012,6.0,0.0,1.0,0.0
170.4987,6.0,0.0,1.0,0.0
170.5013,6.0,0.0,1.0,0.0
170.5988,6.0,0.0,1.0,0.0
170.6013,6.0,0.0,1.0,0.0
170.6987,6.0,0.0,1.0,0.0
170.7012,6.0,0.0,1.0,0.0
170.7988,6.0,0.0,1.0,0.0
170.8013,6.0,0.0,1.0,0.0
170.8987,6.0,0.0,1.0,0.0
170.9012,6.0,0.0,1.0,0.0
170.9987,6.0,0.0,1.0,0.0
171.0988,6.0,0.0,1.0,0.0
171.1987,6.0,0.0,1.0,0.0
171.2988,6.0,0.0,1.0,0.0
171.3987,6.0,0.0,1.0,0.0
171.4987,6.0,0.0,1.0,0.0
171.5988,6.0,0.0,1.0,0.0
171.6987,6.0,0.0,1.0,0.0
171.7988,6.0,0.0,1.0,0.0
171.8987,6.0,0.0,1.0,0.0
171.9987,6.0,0.0,1.0,0.0
172.0988,6.0,0.0,1.0,0.0
172.1987,6.0,0.0,1.0,0.0
172.2988,6.0,0.0,1.0,0.0
172.3987,6.0,0.0,1.0,0.0
172.4987,6.0,0.0,1.0,0.0
172.5988,6.0,0.0,1.0,0.0
172.6987,6.0,0.0,1.0,0.0
172.7988,6.0,0.0,1.0,0.0
172.8987,6.0,0.0,1.0,0.0
